3
169 45 1 sigmoid
cross-entropy

0.203223
0.123663
-0.0462535
0.307412
0.272756
-0.398052
-0.0236621
-0.411013
-0.295441
-0.049629
-0.043939
0.216334
0.355462
0.0569004
0.0326124
0.171003
0.0157563
-0.131495
0.0296832
-0.163275
-0.314971
-0.277619
0.151967
-0.122438
0.193974
0.0651218
0.211132
-0.0682347
0.290731
-0.0512014
0.348261
0.134651
0.320941
0.179872
0.269169
0.317655
-0.320377
-0.116219
0.0123392
0.00190527
0.402514
0.402817
0.137499
-0.422893
-0.367201
0.0602336
-0.30342
0.426316
-0.111881
-0.392927
0.115704
-0.280687
-0.124859
0.00789771
0.00809769
0.0392251
0.0421
-0.470588
-0.047561
-0.0810347
0.164078
0.0726947
0.0309791
-0.248323
-0.540273
-0.155261
-0.325926
-0.00464508
-0.453342
0.189884
0.416076
0.238962
0.0224765
-0.241165
-0.232914
0.142404
0.306865
0.138319
-0.00069226
-0.0501877
-0.344124
-0.567771
0.484796
0.433115
0.293454
-0.0529826
0.257606
0.631949
0.478877
0.0678556
0.398913
0.156656
0.150748
-0.165447
0.183325
0.504047
0.223083
-0.00882638
-0.457877
0.119344
0.058981
0.399961
0.000438866
0.319669
-0.0110552
-0.451599
-0.0699718
0.143421
0.336586
0.00713094
-0.221351
-0.233612
-0.19391
-0.190477
-0.439097
-0.299027
0.155424
0.220007
-0.126284
-0.266453
-0.281097
0.0556738
0.361155
0.268783
-0.0463584
-0.00162339
-0.408301
-0.0115658
-0.45801
0.246865
0.149284
-0.371486
-0.271409
0.021741
0.172417
0.177863
0.184558
0.0730281
0.00225186
-0.351043
0.0723638
0.0357265
-0.29063
0.400612
-0.148362
0.0787926
0.275824
0.0997747
0.334157
0.185138
-0.151643
-0.2336
-0.228014
-0.233501
0.0231603
0.160964
0.197166
-0.0651078
0.0781135
0.104751
-0.176749
0.121956
0.10048
0.00785428
0.0498337
0.105064
-0.23028
0.252634
0.0602729
0.0847829
0.366389
-0.0881316
0.152538
0.0816964
0.0063864
-0.0383335
-0.1076
0.23197
0.14993
0.488937
0.154728
0.264452
-0.262599
0.0115
-0.0795914
-0.491428
0.173582
-0.397179
-0.121028
-0.245623
0.194551
-0.424168
0.354619
0.329674
0.22064
-0.0216318
-0.0138801
-0.549646
-0.544296
-0.202397
0.26653
0.34335
-0.226369
0.162577
-0.179563
-0.281635
-0.178704
-0.0171569
0.0185489
0.186655
-0.0631968
-0.684183
-0.324365
0.329094
0.652018
-0.0860732
0.387145
-0.290592
-0.0758705
-0.0933827
-0.0625121
0.462722
0.0172023
0.0858145
-0.223576
-0.306051
0.398063
0.513078
-0.0787288
0.0333347
0.223859
0.270378
0.118694
0.154778
-0.133777
-0.244828
0.404163
-0.0518649
-0.466108
-0.256324
-0.0586068
0.132132
-0.0698866
-0.0294391
0.0281044
0.389
0.0428624
0.332712
0.0293898
0.432899
-0.107887
-0.552836
0.244539
0.320041
0.49611
-0.230796
-0.173771
-0.0873089
-0.0583125
-0.0147998
-0.0954968
0.263167
-0.232884
0.260905
0.0556883
-0.0827595
0.25608
0.341229
0.308524
-0.246213
0.0594429
-0.00676811
-0.35882
0.196809
0.0206836
-0.0828641
0.235312
-0.0967202
-0.113013
-0.260483
0.00624786
0.1842
0.0782741
-0.290617
-0.149984
0.0338266
0.205849
-0.0979103
-0.291544
-0.266793
-0.137327
-0.2401
-0.20986
-0.129211
0.0573883
0.0775559
-0.0460019
0.234988
-0.516627
-0.175599
0.033571
-0.300098
0.076129
0.0479512
-0.128127
-0.24785
0.0419382
0.232226
0.139477
-0.217026
0.429325
-0.0357592
0.166013
0.0869705
0.240387
0.0862053
0.107143
0.652524
0.724029
0.579259
0.130567
-0.305439
-0.0803169
-0.0803928
-0.072234
-0.314481
0.130255
0.25491
0.138101
0.399934
0.274301
0.574736
0.127055
-0.14776
-0.300129
-0.608441
-0.0883307
-0.213717
-0.450497
0.0353785
-0.301933
0.354464
-0.0364524
0.211221
-0.0593888
0.154302
-0.0676666
-0.17308
-0.520501
-0.200336
-0.0779193
-0.0140412
0.122783
0.0197896
0.1661
0.0430379
0.606574
0.344641
0.360606
-0.143086
-0.178156
0.039294
0.00370356
0.069782
0.243807
-0.324985
0.0135426
0.21431
-0.130928
-0.231754
0.0419218
0.21812
-0.17004
0.0790842
0.749927
-0.0310015
0.667268
0.295544
-0.116176
-0.20622
-0.196615
-0.399159
-0.455928
-0.250017
-0.650391
-0.432021
-0.0560249
0.283252
0.247887
0.391944
0.21021
-0.234942
-0.14453
0.206708
-0.297704
-0.312631
-0.427387
-0.211761
-0.238651
-0.00403712
0.287751
0.263392
-0.038836
-0.0610765
0.0299943
-0.334029
0.40103
-0.397898
-0.04647
0.00705582
0.400927
0.0418943
0.194569
0.131662
-0.0967027
0.112878
-0.557259
-0.440743
-0.259763
0.201595
0.0295367
0.299203
-0.0156112
0.403874
0.387343
0.211053
0.289647
0.377054
0.0175545
-0.361813
-0.531637
-0.525059
-0.388322
-0.104107
-0.0421279
0.139263
0.3565
0.211034
0.321248
-0.00147725
0.310257
-0.0439916
-0.103005
-0.621966
-0.431763
-0.162663
0.211762
0.300236
0.311586
-0.0128561
-0.100479
-0.423426
-0.473393
0.133967
0.0220608
-0.0277267
-0.147059
-0.444805
-0.383094
-0.277788
-0.0231865
-0.230162
-0.119485
-0.746361
-0.403836
0.210045
0.0958467
0.508367
0.410053
-0.139023
-0.300655
-0.250319
-0.148075
-0.407775
-0.480056
-0.445153
-0.104681
-0.330465
0.000217903
-0.100178
0.254394
-0.0370888
0.0492562
-0.174211
-0.00175852
-0.115718
-0.0460857
0.112865
0.278707
0.348622
0.0547569
0.464357
0.235161
-0.0642053
-0.0588017
0.414894
0.275458
-0.0174385
0.0756661
-0.125306
0.289112
0.181562
0.318173
0.456083
0.368097
-0.0384835
-0.122727
-0.211733
0.284323
-0.0469026
-0.280921
0.460726
0.310123
0.637033
0.196428
-0.227182
-0.237394
-0.0223722
-0.20656
-0.131944
-0.336354
-0.223671
-0.110492
-0.0996726
0.554389
0.449591
0.424113
-0.156136
-0.321352
-0.368431
-0.225195
-0.277014
-0.119085
0.0546902
-0.414061
-0.260453
-0.167091
0.23315
0.363581
-0.276493
-0.158446
-0.285948
-0.886518
-0.161284
-0.280937
0.256735
-0.250278
0.443054
-0.509187
-0.313886
0.126508
0.128539
-0.162396
0.402005
0.267133
-0.162642
-0.111774
-0.375807
-0.0483725
0.225843
0.206729
0.0870576
-0.10611
0.115309
-0.0162844
0.216682
0.330776
-0.159987
-0.102084
-0.31534
-0.0664022
0.126276
0.647783
-0.478263
0.0256171
0.195901
-0.053631
-0.0916872
0.508432
0.24751
-0.311256
0.0633344
-0.151056
-0.640426
-0.149078
0.0943687
-0.152767
0.511498
0.330502
-0.203613
-0.05066
0.00989002
0.22747
-0.301269
0.324989
-0.177087
-0.358521
-0.188288
-0.209094
-0.206972
0.274726
0.0244846
0.0668888
0.0490557
-0.339324
-0.147671
-0.264849
-0.0995392
0.0971274
-0.668236
-0.416292
-0.449818
0.0175128
0.833612
0.531705
0.0338044
-0.176734
0.386976
0.295157
0.287377
-0.314648
-0.421761
-0.252753
0.0584803
0.0615002
0.19436
-0.0146188
0.37984
-0.0659196
-0.141389
-0.0892605
0.761169
0.293737
0.0239865
-0.0376738
0.104609
0.00117386
0.253919
0.113011
-0.0291871
0.0360999
-0.0335158
-0.00743132
-0.303484
-0.263016
-0.0861976
-0.149142
0.62395
0.300667
-0.498734
0.310716
0.31348
0.237983
0.12041
-0.0534154
-0.436732
-0.346576
0.0436436
0.00473498
0.170287
0.177907
-0.0308495
-0.145851
-0.427046
-0.000819668
-0.0224506
0.0792524
0.0608962
-0.0332922
-0.364811
-0.0761532
-0.0714169
0.180028
0.0547952
-0.216831
0.127636
-0.351109
-0.138277
-0.0687028
0.159637
-0.27286
-0.142322
-0.118516
0.0773685
0.134699
0.0752013
-0.0028259
-0.0318136
-0.128167
-0.158494
-0.0552767
0.128046
0.017988
0.207679
-0.303646
-0.0976609
-0.260514
-0.315854
-0.0840481
-0.163196
-0.0480674
-0.0488693
-0.0815658
-0.18726
-0.0338194
0.201174
0.364246
-0.202265
-0.225908
-0.126519
-0.14568
0.100696
0.390768
0.00411683
0.422862
0.293995
0.030606
-0.6117
0.078168
0.342858
-0.125727
-0.343625
-0.179394
-0.229097
-0.0677053
0.305979
0.0117677
-0.0243654
0.0844123
0.0669353
-0.519687
0.026574
0.344283
-0.1174
-0.237743
-0.244246
-0.285593
0.381168
0.861667
-0.131147
-0.316042
-0.50004
-0.467583
-0.275429
0.406062
0.325792
-0.0509592
0.0378324
-0.376244
-0.0918108
0.0540205
0.654297
-0.017034
-0.381366
-0.728846
-0.664112
0.277987
0.685916
0.0875557
0.143703
-0.123857
-0.03824
-0.0467649
0.29572
0.745143
-0.250805
-0.251014
-0.499733
-0.067863
0.223707
0.278454
0.169221
0.179764
0.226236
-0.045674
-0.419561
0.421395
0.617472
0.0609626
-0.136242
-0.727269
-0.437804
-0.272941
0.358296
0.0886757
0.390367
0.237493
-0.259152
-0.119071
0.499096
-0.619199
-0.903416
-0.593492
-0.340402
-0.349111
-0.43843
0.116491
0.0485173
-0.00979258
0.383056
-0.1018
0.0140296
0.0863274
-0.223656
-0.45585
-0.328961
-0.181027
-0.134876
-0.0721029
0.0688404
-0.311539
0.316597
-0.150429
-0.0290929
0.0258862
0.986391
0.397781
-0.4002
-0.233672
0.0771999
0.100805
0.229119
0.222309
-0.190606
-0.0189396
-0.0109562
-0.072643
0.0670943
0.0027373
0.398186
-0.0640001
0.125897
0.0913602
-0.0428913
0.0690608
0.129633
-0.297931
0.170507
-0.30694
-0.168347
0.111544
0.107442
0.284571
-0.0102255
0.154306
0.283008
0.10546
0.0246499
-0.0818151
-0.385132
-0.604168
-0.160659
0.18856
0.0334279
0.060721
0.214067
0.241941
0.100134
0.467415
0.401813
0.316699
-0.128684
-0.0811784
-0.15035
0.00593344
0.0267531
-0.00951851
-0.0496348
0.486906
0.574589
0.152768
0.377561
0.232841
0.173197
-0.0134144
0.110318
-0.146984
-0.0441903
-0.152842
-0.308772
-0.347474
0.118442
0.120291
0.206715
-0.135028
-0.4745
-0.350255
-0.107069
-0.0194134
0.155485
0.085059
-0.381989
-0.350278
-0.124846
-0.327169
0.427037
0.333259
0.179239
-0.378772
-0.430477
-0.36134
0.058413
0.368322
-0.00101233
-0.266639
-0.451051
-0.171496
-0.346202
0.361413
0.180839
0.0668243
-0.334575
-0.467811
-0.162386
-0.292892
0.265801
0.11087
-0.0708868
-0.500322
-0.402801
-0.161535
0.0198958
0.124513
-0.00590019
0.137827
-0.310801
0.356788
0.0184873
0.381397
0.396142
0.16437
-0.257352
0.0429163
0.408205
0.199118
0.343056
-0.429356
-0.12161
-0.304698
0.128336
-0.396806
-0.0788897
-0.0931178
0.0270137
0.214679
0.232076
-0.0904546
-0.144489
-0.130467
-0.572307
-0.091015
0.0701944
0.0546398
-0.27864
0.00552842
0.16096
0.0743211
0.494663
0.217056
0.00174384
-0.180718
-0.449417
-0.222604
0.12584
-0.0841776
0.303587
-0.0172532
-0.375123
-0.0834624
0.0719543
0.411867
-0.0854281
0.170695
0.610687
-0.0267276
0.338582
0.124422
0.33539
0.299306
0.243091
-0.141601
-0.297843
0.104872
-0.1055
0.245721
0.302158
0.616718
0.395267
0.170995
0.0387299
0.449909
0.278734
0.136728
0.189305
-0.0726479
-0.120256
-0.330914
-0.115182
-0.287915
-0.297299
-0.0231431
-0.295435
-0.230808
0.125482
-0.175344
-0.353979
0.125598
-0.218537
-0.106772
-0.123863
-0.595558
-0.385857
-0.504111
-0.533801
-0.331823
-0.0872035
-0.197606
0.00203374
0.292881
0.239131
1.03915
-0.138978
0.0656649
0.0269229
0.200706
0.000473259
0.154141
0.323757
0.297494
0.453475
0.24317
0.204075
0.161727
0.0950034
0.0351699
0.301575
0.139215
0.166097
0.358404
0.341456
0.281316
0.0095604
-0.00041229
0.188976
-0.224396
0.107814
0.0583345
0.138828
0.0857297
0.0862706
0.557392
0.337
0.28773
0.267374
0.211002
0.175528
0.00891749
-0.142451
-0.00960683
0.0995238
0.165008
0.0882374
0.41099
0.578616
0.573692
0.121738
0.452839
0.389147
0.224376
0.229051
0.0711534
0.0260759
0.307712
0.268112
0.347434
0.387977
0.35613
0.653716
0.239734
0.395315
0.238569
0.2873
0.299936
0.0617721
0.102547
0.416196
0.0266485
0.323912
0.410795
0.559195
0.238196
0.0923893
-0.130642
-0.0509388
-0.0166142
0.197918
0.234428
-0.00081586
0.180997
0.0212416
0.0877229
0.14196
0.412602
0.275487
0.117189
-0.0106501
-0.287907
0.182539
-0.193856
0.13369
0.124748
0.372725
-0.0109772
0.0921801
0.0867199
-0.0138831
-0.0764616
0.387397
-0.0811406
-0.0197672
0.00399288
-0.243382
0.081255
-0.140309
-0.00421679
-0.211676
0.0226324
-0.170938
0.0624703
0.071974
0.0375884
-0.119189
-0.126751
-0.20935
0.0531791
0.0117777
0.0410072
0.0883965
-0.159737
-0.255841
-0.128747
-0.428871
-0.356106
-0.229725
-0.522574
-0.244595
-0.0571305
-0.036547
-0.151843
0.18055
0.1126
-0.269558
-0.219334
-0.299026
-0.349092
-0.45781
-0.396816
-0.514692
-0.399711
-0.00659725
-0.1711
0.294083
-0.0788161
-0.0954897
-0.141202
-0.0634934
-0.0576022
-0.369927
-0.388976
-0.601023
-0.483736
-0.284239
0.0919532
0.0151467
0.29152
0.147544
-0.0500149
-0.275614
-0.170876
-0.116984
-0.335334
-0.14667
-0.299991
-0.365461
-0.335244
-0.236505
0.202319
0.0268656
-0.233269
-0.144697
0.740076
-0.226249
-0.224856
-0.268104
-0.224235
-0.208943
0.111333
0.189455
0.242133
0.448854
0.12665
0.312466
0.202356
-0.0213724
-0.317109
-0.204911
-0.0246227
0.0065986
0.400154
0.35459
0.350364
0.247034
0.349001
0.147137
0.24911
0.00131885
0.208491
-0.294249
-0.168463
-0.174031
0.127775
-0.334487
-0.294319
0.11318
0.0693519
0.293358
0.067313
0.290263
0.263824
0.45664
0.0255014
-0.0056052
-0.362054
-0.174379
-0.487761
-0.227123
0.200545
0.561075
0.250296
0.0548712
-0.233564
0.0660967
0.371815
-0.243138
-0.067516
-0.216708
-0.472987
-0.663362
-0.309495
0.537414
0.516727
0.455564
0.118167
-0.235807
0.0318025
0.238399
-0.437282
-0.744085
-0.851947
-0.545274
-0.396291
-0.00770084
0.249236
0.32572
0.210966
0.271719
-0.354468
0.124107
0.0789646
-0.687108
-1.0469
-0.947438
-0.500529
0.0669567
0.274438
0.405583
0.806023
0.0821786
-0.0660813
-0.200896
0.147953
-0.0605648
-0.717435
-0.74782
-0.713292
-0.454036
-0.112605
0.441528
0.275242
0.415066
0.0053082
-0.162854
0.19732
0.142666
-0.0815206
-0.188482
-0.550424
-0.463095
-0.0594863
-0.00380843
0.027788
0.495578
0.440689
0.161807
0.119105
0.093132
0.0663909
-0.0184944
-0.105941
-0.362671
-0.0881668
0.0706662
-0.113042
-0.0745689
0.220438
0.481585
0.11418
0.0338796
0.0662986
0.0533339
-0.128481
-0.174249
-0.246174
-0.0163603
-0.321854
-0.0277039
0.0420898
-0.0360167
0.319015
0.136281
-0.00435414
0.0780829
-0.144046
-0.131939
0.0740693
0.0887816
0.0409428
-0.028504
-0.0248613
-0.210199
-0.0348304
0.237431
-0.114402
0.0783334
0.046446
-0.300815
-0.34176
-0.222836
-0.078524
-0.249313
0.0888778
0.0287661
0.0423755
0.0557186
-0.0143078
0.210024
0.274393
-0.0146522
-0.174833
-0.120692
0.17746
-0.0273008
-0.159541
-0.094398
-0.469459
-0.0140809
-0.23496
0.206536
-0.0624198
-0.169568
-0.308893
-0.364418
-0.441258
-0.143952
0.0636827
0.162972
-0.0954224
0.0504192
0.190366
0.268295
0.403863
0.0899635
-0.195337
-0.298613
0.098194
-0.508692
-0.215736
-0.141606
0.328907
0.311545
0.218044
-0.148569
0.0129137
0.340026
0.252676
0.260232
0.328798
0.375943
0.0768677
0.014495
0.158549
0.16601
0.247696
-0.112331
0.0856749
-0.247856
0.397341
-0.167796
-0.116999
-0.11455
0.0832735
0.0263245
0.0544983
0.15087
-0.487103
-0.16653
-0.215954
0.0806026
0.121698
0.369596
-0.333767
-0.11124
0.189038
0.0851049
0.338836
-0.0549951
0.331833
0.0521746
0.231857
0.148832
0.371192
0.105294
0.0706559
0.0399354
-0.46142
0.240691
0.629941
0.276703
-0.16298
0.473934
0.0213981
-0.469063
-0.208677
-0.0630079
-0.205305
-0.452145
-0.248243
-0.33251
-0.093869
-0.222626
0.0391203
-0.174968
0.343877
0.0864253
-0.124033
-0.275935
-0.251559
0.222625
-0.287436
0.0943018
0.260324
-0.395159
0.293358
-0.408298
0.0252128
0.453838
0.313662
0.153549
0.248327
-0.253783
0.256274
0.0992745
-0.0855575
-0.0665405
-0.277089
0.214419
-0.0555584
0.105417
0.435302
0.01583
0.0397568
-0.258772
-0.0211939
-0.28841
-0.300896
-0.0918382
-0.272436
0.0309983
0.0475984
0.360581
0.00599617
-0.210841
0.11004
-0.204278
-0.313765
0.232845
0.149745
-0.192629
0.239128
-0.107036
-0.233627
0.050441
0.456935
0.149836
0.0657833
-0.284253
-0.025315
-0.240038
0.46045
0.123241
-0.145894
0.0804048
0.177869
-0.0429683
0.0573943
-0.097984
0.339388
0.182709
0.199608
-0.083865
-0.0590795
-0.331924
-0.304372
0.22599
0.586072
0.531683
0.210994
-0.256474
-0.160321
-0.0752773
-0.277679
-0.213822
-0.0284141
-0.0493505
0.0888997
0.0647044
-0.262925
0.038537
0.292962
0.00594813
-0.166357
-0.120488
-0.0697566
-0.0772119
-0.13022
-0.34901
-0.426216
-0.423452
-0.180052
-0.0988812
0.171552
-0.0264539
-0.195396
-0.278519
-0.367454
-0.281725
-0.162836
-0.0652704
0.0918533
-0.23984
-0.313129
-0.266223
0.473705
0.625353
1.12431
0.489629
-0.053911
-0.9755
-0.43061
-0.199326
0.291083
0.155807
0.371011
0.0744881
0.540658
0.322615
0.307268
0.398996
0.633162
-0.0859978
-0.142478
-0.498814
0.0979914
0.281939
-0.251156
0.484907
0.67578
0.559185
0.290598
-0.132345
0.34888
0.405077
0.143288
0.329912
-0.321956
-0.31543
-0.0586873
-0.551984
0.0341297
0.542595
0.24181
-0.273998
-0.492358
-0.280953
0.192991
0.219038
0.112076
-0.488759
-0.00810646
-0.294985
0.0191401
0.00289571
-0.201279
0.166553
-0.573876
-0.447474
-0.119878
-0.533194
0.256279
0.160891
-0.0244163
-0.415221
-0.297582
0.00883348
-0.418737
-0.261829
-0.460107
-0.617907
-0.401584
-0.541841
-0.059492
0.180278
0.057209
-0.440772
-0.396236
-0.246257
-0.442322
-0.448206
-0.260228
-0.32653
-0.348833
0.369545
-0.093429
0.035964
-0.155586
-0.562766
-0.176077
-0.150985
-0.356078
-0.30495
0.341922
0.369907
0.148681
-0.0469684
-0.112988
0.263486
0.182309
0.120792
0.146694
-0.168889
0.193027
-0.300873
-0.13479
-0.129196
-0.0385282
0.613705
-0.215724
-0.423552
0.30853
0.0691662
0.250067
0.0137323
-0.176869
0.23046
-0.0114805
0.148644
0.121955
0.318228
0.730361
0.397673
0.32632
0.289642
0.211052
0.0570531
0.259841
0.282425
0.315794
-0.057592
0.0447749
-0.0658533
0.110224
-0.367742
-0.211078
0.0408041
0.0120215
0.0501158
0.167315
0.0389572
0.0842029
0.210298
0.362704
0.270274
0.0944471
0.0367116
0.00109557
-0.0051258
-0.209101
0.209114
0.152031
0.0835613
0.153276
-0.123009
0.133091
-0.313043
0.0662378
-0.372465
-0.260862
0.181747
-0.124707
-0.0951484
0.32212
-0.270898
-0.217795
-0.526922
-0.216504
-0.243869
-0.0561496
0.2302
0.258335
-0.0672781
0.215251
0.118162
0.18203
0.236268
-0.0538411
-0.47478
0.0597586
0.120183
-0.355479
-0.473766
0.067805
-0.132735
0.207147
0.225679
-0.337688
-0.651362
-0.336078
0.261377
-0.0978667
0.152748
0.0254986
0.318214
-0.204714
0.161275
0.00747643
0.0214743
-0.296813
0.0356032
0.113144
0.294488
-0.0622194
0.159161
0.181163
0.0174422
0.323713
-0.295525
0.213578
0.257089
0.214399
-0.520582
-0.185548
0.481283
0.0673803
-0.084709
0.11712
0.120788
0.471765
0.22407
-0.146766
-0.000479767
0.238547
0.369789
-0.282899
-0.352149
0.518312
0.213677
0.0445185
-0.0799762
-0.506502
0.476417
0.52972
0.222808
-0.323929
0.116244
-0.0981308
0.233729
-0.13177
-0.0466891
0.0900607
-0.335341
0.116659
0.137451
-0.263299
0.226076
0.419027
0.0746365
-0.289991
-0.0725944
-0.2565
0.452861
-0.312527
-0.215999
-0.461872
0.0650859
-0.0246521
0.207647
0.330635
0.183369
0.142768
0.0574555
0.218462
-0.339894
0.0648853
0.149973
0.31005
-0.135712
-0.211072
-0.0158612
0.0630925
-0.189453
-0.151314
0.0487722
-0.0923949
0.338716
-0.248165
-0.0561943
0.441969
0.198206
0.0364705
0.313633
-0.251624
-0.360224
-0.0527398
-0.149107
0.123316
0.10331
-0.00565694
-0.0733911
0.324398
0.126991
0.0436316
-0.090416
-0.228507
-0.172433
0.19003
0.412349
0.271781
0.00777106
0.0404384
-0.118168
-0.0790529
-0.259054
-0.26822
0.035089
-0.136806
0.0908295
-0.101882
-0.11711
0.289744
0.178178
-0.767813
0.2073
0.106345
0.285097
0.254829
-0.0504247
0.200244
-0.138104
0.0657533
0.0499843
-0.203122
-0.179663
-0.112601
-0.321866
0.261957
-0.0280855
-0.142357
0.100198
-0.451939
0.0113716
0.150656
-0.0905836
-0.0934427
0.277616
0.219293
-0.0366363
-0.297398
-0.168222
-0.0179607
0.0595352
0.444884
0.00722685
0.416881
0.190225
-0.194947
0.674336
0.48143
0.363465
0.155392
0.0531489
-0.0299567
-0.249385
0.291459
0.0164745
-0.457017
-0.286288
-0.276848
0.0592845
0.531619
-0.0766009
0.368869
0.75285
0.159008
-0.539933
-0.32983
0.207694
0.531589
-0.103342
-0.561767
-0.484772
0.0187282
-0.103478
0.0865087
0.337348
-0.397509
0.174413
-0.46618
0.260271
0.216039
-0.287653
-0.411066
-0.679884
-0.184639
-0.0205437
-0.121937
-0.298949
-0.0793362
-0.180497
0.0136417
-0.630782
0.103052
-0.288979
-0.0145732
0.17714
0.258542
0.318247
0.586179
0.169136
-0.448325
-0.246492
-0.00310623
-0.116699
-0.241746
0.00316767
-0.302026
-0.219062
-0.00781727
0.207428
-0.0658566
0.143307
-0.218173
-0.453528
-0.469437
-0.407843
-0.25088
-0.272466
0.0571173
0.179017
-0.194084
-0.182767
0.151122
0.302456
0.101192
-0.17299
-0.199913
-0.0470944
-0.0834551
-0.11093
-0.0109476
0.469396
0.0461958
-0.322858
0.33769
0.371795
-0.408602
-0.303201
0.00380741
0.14196
0.0371505
-0.261116
-0.158309
0.247877
0.0512804
0.157824
-0.371542
0.0854722
0.241718
0.475387
0.385472
-0.0886648
0.322216
0.14387
-0.199947
-0.0993844
-0.058989
0.155577
0.00537413
-0.22594
0.283726
0.206212
-0.243523
-0.0520375
0.365072
0.0922284
0.0459293
0.0187286
-0.0212866
0.105287
-0.135733
0.0830088
-0.127374
-0.0316113
-0.246676
-0.235394
0.0313378
0.265774
0.11912
0.298681
-0.0267502
-0.0424335
0.427137
-0.296934
-0.277783
0.0110881
0.141678
-0.298717
-0.294016
-0.167351
-0.0508441
0.0493277
0.212044
0.0810231
0.0601294
-0.0863794
-0.258902
0.0560228
0.194451
0.496134
0.174546
0.201684
0.070598
0.30024
0.417095
0.0677403
-0.0362795
-0.215524
-0.300324
-0.355635
0.167218
0.0188727
0.511985
0.482854
0.368021
-0.0524824
0.322285
0.557332
0.291708
0.301345
0.141203
-0.168579
-0.435525
0.217721
0.397022
0.663892
0.329118
0.322214
-0.0502391
-0.325185
-0.131614
0.321571
0.106621
-0.343353
-0.12661
-0.510737
-0.334326
-0.0863125
0.572695
-0.0986017
-0.136658
-0.135675
-0.60632
0.0405337
-0.136964
0.229869
-0.267864
-0.0839524
-0.374831
-0.312447
-0.117575
0.237784
-0.0380403
0.38632
-0.113338
-0.491568
-0.0724967
0.674745
0.404699
-0.393837
-0.392341
-0.0357556
-0.0555581
-0.286322
0.0514398
0.247858
0.36602
-0.191783
-0.532181
-0.0597344
-0.00185468
0.610883
-0.529991
-0.249271
-0.292813
0.374582
0.0433813
-0.362533
-0.206418
-0.158671
-0.0549302
-0.375828
0.0545718
-0.0760887
0.314618
0.122104
-0.0504132
0.249522
0.0132804
-0.347011
-0.385348
0.127021
0.0510323
0.0562393
-0.173724
-0.0160986
0.13197
0.312688
0.0939433
0.112305
-0.038054
0.0472488
0.149083
0.197333
-0.0326221
0.155496
0.104138
-0.139389
0.101928
0.160952
-0.318204
-0.538127
-0.314749
-0.35634
0.194108
0.308021
-0.0649179
0.397305
0.495218
0.332593
0.0173235
0.475571
0.343893
-0.076273
-0.3388
-0.107781
0.230929
-0.216248
-0.160986
-0.285618
-0.0607653
-0.0735129
0.153636
0.0410396
0.335792
0.0725697
0.105792
0.216176
-0.243285
0.0293005
0.265993
-0.0933659
-0.0651524
0.0579395
-0.0566074
0.420366
0.24032
0.0420615
0.189079
0.32737
0.0628016
-0.012672
0.675149
0.131537
0.0682845
0.261894
0.236203
0.311102
0.124272
-0.0378712
0.0408135
0.0880589
0.0296037
0.00870121
-0.212522
0.0344519
0.07272
0.282536
0.21869
0.246051
0.473466
0.0655751
0.367362
-0.200473
-0.144976
0.000510158
-0.142579
-0.176444
-0.131779
0.254168
0.144581
0.077992
0.228605
0.111978
0.198321
-0.018232
-0.279895
-0.139707
0.041938
-0.136856
-0.246993
-0.280015
0.229317
0.343047
-0.0405597
0.125645
0.253334
0.236803
0.0669104
0.0442094
-0.0323293
0.0175463
-0.281216
-0.244596
-0.414693
0.271293
0.389716
0.286806
0.136182
0.131209
0.185625
0.107663
0.104202
0.130763
0.0705646
-0.321481
-0.205788
-0.078495
0.366387
0.296703
0.22029
0.395764
0.137055
0.698974
0.243062
0.106526
0.124665
-0.0424906
-0.242215
-0.707783
-0.441146
0.258411
0.119606
0.0977908
0.254006
0.107511
0.46249
0.199296
0.0197427
0.106496
-0.131236
-0.165665
-0.465928
-0.31662
0.314543
0.0878235
0.32375
0.14459
0.215575
0.114592
0.118725
0.421507
0.140979
0.0238046
0.180476
-0.366342
-0.358972
0.587722
0.275053
0.0137286
0.277211
0.232434
-0.0272284
0.234481
0.222209
0.299539
-0.0821087
-0.0902177
-0.282916
-0.245982
0.155797
0.217871
0.0897465
0.211059
0.260895
0.00897443
0.230074
0.332482
-0.285937
0.0877195
0.154405
-0.037497
-0.405469
0.248605
0.297601
0.416754
0.236288
0.0795012
0.198609
0.156701
0.240199
-0.150209
-0.196463
0.0827114
-0.209315
-0.232476
0.18447
0.471066
0.612548
0.364972
0.320461
0.295027
-0.0834448
0.272244
0.0177433
-0.239107
-0.0267753
-0.0406775
-0.179794
0.111352
0.129462
0.541124
0.424194
0.296946
0.112602
0.0557881
0.154231
-0.00510436
-0.0279131
-0.0616682
0.132224
-0.125663
-0.465026
-0.215771
0.129984
-0.319646
-0.168181
0.104036
0.010777
-0.0438867
0.0322835
0.0456727
-0.0996409
-0.406509
0.0348469
0.267241
-0.28064
-0.0662237
-0.0798955
0.145457
0.552757
0.262008
0.255152
-0.0553026
0.253584
0.218822
0.362454
-0.1975
-0.395488
0.0673785
-0.319663
-0.0737
0.161811
0.46857
0.331847
0.284082
0.0732758
-0.188612
0.307356
0.445227
-0.119456
-0.752935
-0.3855
-0.165248
0.281118
-0.0138668
0.041299
0.0303748
0.0483398
-0.27353
-0.236174
0.749404
0.310232
-0.108765
-0.499522
-0.26745
0.363017
0.454727
-0.174483
-0.0795532
-0.140697
0.103808
-0.0836453
-0.494262
0.343455
0.432727
-0.103873
-0.502984
-0.402777
-0.0156422
-0.40236
-0.332217
0.111335
-0.0684335
-0.0929187
-0.188928
-0.727874
0.365642
0.412908
0.0106415
-0.400433
0.15667
-0.54496
-0.0731787
0.0534372
0.052508
0.015071
-0.0979755
-0.273152
-0.540451
0.147333
0.540081
-0.0218006
-0.0457315
0.0326974
-0.619186
-0.227553
0.271438
0.110074
-0.0197872
-0.449036
-0.504093
-0.504693
0.305283
0.557683
0.330862
-0.505161
0.072889
-0.341082
-0.276402
0.0245184
-0.073029
-0.216091
-0.744388
-0.171578
-0.347504
0.0758515
0.0810927
0.028125
-0.34294
0.260326
0.286871
-0.044713
0.16222
0.098273
-0.171909
-0.430059
-0.173198
-0.0878081
-0.288938
0.0981077
0.324195
0.0330587
0.0341184
0.0650649
0.125384
0.429343
-0.270946
-0.0580979
0.118565
0.382209
-0.135217
-0.514062
-0.141218
0.268848
-0.0097277
-0.160439
-0.0709293
0.266428
0.410164
0.192177
0.0687943
0.327112
0.153344
-0.0843739
0.105662
-0.059247
-0.274907
-0.148351
-0.162924
-0.174325
0.0806054
0.388119
0.572263
0.400231
0.0302055
0.242014
0.165441
0.0335371
0.0635493
-0.159747
-0.0206015
0.15317
0.151663
0.104485
0.0773364
-0.0555482
-0.198478
0.0237476
0.209265
0.367393
-0.148668
0.00467295
0.0997339
-0.0933368
0.107576
-0.291887
-0.283589
-0.511794
-0.211373
-0.115456
0.450439
0.134363
-0.2157
0.00513949
-0.00782604
0.013747
-0.192783
0.156483
-0.614173
-0.722923
-0.423742
-0.176952
-0.186298
0.0581875
-0.0147588
0.168414
-0.559991
-0.644577
0.0520415
0.0301456
0.211038
-0.793782
-0.829443
-0.245111
-0.0383035
0.0175053
0.289618
0.0435363
0.0255394
-0.182511
0.61576
0.199371
0.322834
0.0634304
-0.716463
-0.60554
-0.167542
-0.0110561
-0.192872
0.1811
-0.142498
-0.377291
0.185685
0.488046
0.0952935
0.600456
0.119262
-0.655547
-0.421062
0.145508
0.343641
-0.211894
0.2678
0.164547
-0.00885616
0.407235
0.728771
-0.0892969
-0.247522
0.199624
-0.90332
-0.0468107
0.180321
0.175205
-0.206869
0.216513
-0.270493
-0.0184857
0.72418
0.562161
0.0536489
0.137382
-0.242214
-0.442479
0.114939
0.41521
0.590401
0.280738
0.400507
-0.324342
-0.0190847
0.509546
0.158763
-0.00425795
-0.542943
-0.27654
-0.32682
-0.0947618
0.152191
0.541638
0.372165
0.241518
-0.178149
0.00821953
-0.268226
-0.194369
-0.119398
-0.159441
-0.0754196
0.0491252
0.261574
0.30989
0.412139
-0.0920661
0.0581497
0.0331624
-0.1428
-0.113075
-0.131827
-0.169004
-0.102147
-0.114752
0.235679
0.318758
0.0440897
0.413339
-0.146224
-0.127081
-0.0451395
-0.323549
-0.539115
-0.158167
-0.4684
-0.0918234
-0.113413
0.444401
0.506016
0.088011
0.124599
-0.156895
-0.477346
-0.523952
-0.439225
-0.143872
-0.173483
-0.0846816
-0.129728
0.0131985
0.443794
0.686387
0.277421
0.0367477
-0.462669
-0.143561
-0.0985795
-0.0519945
0.0883373
0.0202717
-0.283172
-0.0855614
-0.108189
0.474219
-0.302597
-0.180019
0.128377
0.158405
0.168766
0.0334848
0.243986
0.191986
0.276469
-0.199543
-0.0304385
-0.20403
-0.172156
0.225535
0.193481
0.290938
0.455035
0.61698
0.490241
0.0276451
0.00903503
-0.188986
-0.577796
0.350842
-0.258178
-0.245553
0.10724
0.203739
0.443301
0.661561
0.164212
0.178572
0.14401
0.0913914
-0.420445
-0.418367
-0.498655
-0.628434
-0.145185
0.30357
0.603242
0.0336806
0.657435
0.235451
0.298951
0.476633
0.270701
0.239559
-0.556732
-0.627287
-0.827332
-0.477567
0.0420062
0.460761
0.071339
-0.0515309
0.0274818
0.356698
0.449798
0.131046
-0.0135939
-0.335675
-0.742249
-1.04608
-0.185341
0.0998565
0.665813
0.0060504
-0.0620595
-0.0558527
0.46048
0.277044
-0.0985854
-0.678702
-0.735228
-1.0606
-1.00148
-0.839389
-0.0167585
-0.103283
0.143791
0.422663
0.0991096
-0.434141
-0.289108
-0.0670584
-0.835461
-0.441397
-0.863554
-0.806695
-0.45807
-0.224318
-0.240384
0.393143
0.116621
0.0251927
0.0833422
0.176294
-0.114747
-0.0835895
-0.272805
-0.176695
-0.0643125
-0.105964
0.0731706
4.49168e-05
0.14344
0.270595
0.21416
0.321162
0.0344943
0.241057
0.319318
-0.0309894
0.102857
-0.117507
-0.170679
0.0651659
-0.00733057
-0.06817
0.346823
0.236631
0.0736712
0.0258059
-0.134142
-0.0896244
-0.2387
-0.180276
-0.4219
-0.207888
-0.0766902
0.151666
0.218693
0.427002
0.413628
0.161211
-0.199838
-0.0457726
0.0509871
-0.0404332
-0.148925
-0.122544
-0.21666
0.133006
0.0309031
0.479399
0.101892
0.317522
-0.0171192
-0.125008
0.0256909
0.261363
-0.120497
0.120153
-0.169312
-0.440626
0.101806
-0.0439924
0.138348
0.298274
0.0796553
0.193521
0.118936
-0.0586296
-0.064438
0.0162922
0.0246174
-0.0731028
-0.272678
-0.11498
-0.248608
-0.252927
0.136294
0.286916
0.129776
0.31974
0.167488
0.0554354
0.128785
-0.0794975
0.207895
-0.112219
-0.0860258
-0.364049
-0.296772
0.280758
0.00957094
-0.264031
-0.0221641
0.0320843
0.209191
0.383427
0.136801
-0.304058
-0.322254
-0.0415476
-0.172122
-0.368871
-0.47415
0.00491115
0.114769
0.128897
0.378622
0.44392
0.576686
0.336455
-0.051553
0.137489
-0.219238
0.0463411
-0.468925
-0.234058
-0.110635
0.0178082
0.4712
0.446723
0.566818
0.439373
0.717589
-0.0469423
-0.0472421
0.00609153
0.155851
-0.102355
-0.331628
-0.0429153
0.152796
0.0827527
0.321911
0.199884
0.515771
0.344022
0.125505
0.00433009
-0.0928077
0.468002
0.227918
-0.238269
-0.414085
-0.512928
-0.364659
-0.136376
0.105693
0.0779632
0.081908
0.0341487
-0.283519
-0.122192
0.363748
-0.267476
-0.126906
-0.121666
-0.774188
-0.640652
-0.444693
0.01709
0.19176
0.130476
0.0403654
-0.403158
-0.137041
0.0936296
-0.139204
0.143988
-0.0803967
-0.181148
-0.527566
-0.241924
0.0397307
-0.0745172
-0.0958302
-0.0985985
0.306961
0.1363
-0.323467
0.287219
0.128468
0.363906
0.122937
-0.387347
0.0400355
0.205079
-0.0209746
0.216413
-0.0180319
0.147935
0.250874
0.100852
0.294605
-0.336999
-0.398822
0.130046
-0.00579579
-0.143992
-0.0295009
0.0138604
0.115187
0.290083
0.575595
0.427125
0.0186018
-0.184398
-0.098513
0.183517
-0.433492
-0.307721
0.0850001
0.239431
0.437249
0.234926
0.370595
0.387089
0.341121
-0.180264
0.212722
-0.150087
-0.16744
-0.625867
-0.0517255
-0.0517856
-0.282507
0.105618
-0.0479743
-0.109472
0.349426
0.232757
0.111139
-0.0810946
-0.0428848
-0.0705503
-0.536807
-0.150626
-0.189924
0.0340903
0.149531
0.190444
0.140003
0.1121
0.00852947
0.351679
-0.10173
0.0683054
-0.371686
-0.544005
-0.0979773
0.230296
0.0359442
0.0193239
0.252872
-0.271351
0.0311568
0.162088
-0.115898
0.0186796
-0.126577
-0.0943465
-0.218022
-0.150583
-0.195804
0.273172
0.0867348
-0.262785
-0.168136
-0.0176475
0.0761459
0.201486
0.094418
0.120901
0.2351
0.166682
0.0953317
-0.254323
-0.131556
0.190026
0.223563
-0.244377
-0.231063
-0.241079
0.073382
0.242718
0.330669
0.168559
0.00406276
0.107405
0.296571
-0.22712
0.395067
0.0420623
0.340126
-0.0935793
-0.0444684
0.209224
-0.115243
0.282034
-0.304835
0.0502605
-0.117023
0.0164026
-0.505755
-0.00509506
-0.339609
0.086708
0.0226929
0.0774716
0.420273
-0.385303
0.171776
0.26574
0.4019
0.495791
0.334439
-0.151234
-0.381032
-0.331978
0.170854
-0.527464
0.0840099
0.173575
-0.394278
0.148883
0.339886
0.27786
0.541001
0.547468
0.118278
-0.136119
-0.166926
0.444713
0.245668
-0.241501
0.246873
-0.331356
-0.359552
0.245787
-0.0473499
-0.0800443
0.0193531
-0.220138
0.413415
-0.309452
0.440756
0.359376
-0.269944
0.197687
-0.315402
-0.394309
0.108855
-0.294169
-0.582557
-0.315217
0.126427
0.111739
0.360707
0.483924
0.0582287
-0.22382
-0.34036
-0.145164
0.0219775
-0.0672476
-0.660167
-0.206244
-0.136509
0.219495
0.0404232
0.18212
0.296818
0.179486
-0.00683001
0.0483567
0.297138
0.270027
0.155923
-0.180034
-0.196559
-0.0217188
0.27455
-0.1829
0.142635
0.0138694
-0.0200511
-0.0592131
0.116253
0.3765
0.239851
-0.115269
-0.0988993
0.155804
0.323188
0.0563672
-0.162091
0.102684
0.108012
-0.23132
-0.235882
-0.316358
0.455649
0.367794
0.0061925
0.13562
0.1453
0.115682
0.112903
0.00331445
-0.119653
0.255205
-0.244103
-0.14938
-0.27538
0.192173
-0.0312106
0.0485271
0.235432
0.123626
-0.105435
-0.00304614
-0.215354
0.134304
0.204942
0.338029
0.188726
-0.0342513
0.127266
-0.200047
0.102534
-0.351429
-0.0983963
-0.281026
-0.0173342
-0.324367
0.207901
0.332226
-0.203312
-0.170825
0.0806025
0.0429799
-0.221354
0.163686
0.0663283
-0.0594301
-0.278492
-0.291709
0.201659
0.444556
-0.0755903
0.259795
0.0159962
0.0403849
-0.0364639
-0.0226288
0.171287
-0.0335961
0.0366852
-0.501403
0.294589
0.223464
0.107977
-0.233088
0.0629001
0.320606
0.439264
-0.0292923
0.180972
0.470971
0.401833
0.244969
-0.111187
0.371615
-0.129398
-0.237971
-0.426782
0.0140351
0.336841
-0.0254327
-0.344416
0.456181
0.480085
0.0243149
0.334893
-0.471104
0.383236
0.132322
-0.235708
-0.463252
0.175029
-0.126595
0.0461541
-0.121231
0.421859
0.205059
0.227276
-0.24923
-0.753038
0.36049
0.301308
0.525129
0.0494416
-0.11311
-0.125375
0.0496686
-0.316226
-0.00409759
-0.347992
-0.283222
-0.00112192
-0.169894
-0.0953214
0.0626293
0.475126
0.340653
-0.10889
0.278143
-0.0895692
0.137623
-0.0928645
-0.14986
-0.335102
0.204992
-0.160189
0.284064
-0.224551
0.104911
0.127119
-0.394306
0.33704
0.250922
0.0201189
-0.30809
-0.468282
-0.247151
0.358321
-0.0367293
0.0364254
-0.267842
0.333702
-0.202065
-0.106696
-0.134864
-0.106968
-0.212318
-0.203089
0.23946
0.120026
-0.121588
0.248319
0.29014
-0.191179
-0.0809667
-0.232799
0.0460718
0.174836
-0.059245
-0.348562
-0.107754
0.203094
0.372175
0.364268
0.215998
0.313759
-0.0459527
-0.0015056
0.348381
0.319385
0.0754499
-0.385922
0.018269
0.0627969
0.0841131
0.133562
0.215503
0.0325352
0.106752
-0.426302
-0.519506
-0.0680958
0.0792872
0.181266
0.252594
-0.16447
-0.662663
-0.187422
-0.20425
-0.225503
0.0946772
0.0266532
0.273544
0.29493
-0.117641
-0.372152
-0.0168665
-0.144664
-0.424875
-0.0405526
0.00820205
0.307714
-0.144628
0.423629
0.295968
0.0401881
-0.0624601
-0.105678
-0.249857
-0.137706
-0.168084
0.0169301
0.0855697
-0.0698544
-0.030677
-0.207227
0.306491
0.0146143
0.0085594
0.11312
-0.0487895
-0.0124086
-0.45169
-0.212312
0.00431867
0.271925
0.127241
-0.0482824
-0.198497
0.0191444
0.0984415
0.350399
0.212749
-0.2768
-0.348493
-0.509359
-0.829957
0.0319054
0.31244
0.0738536
0.336217
0.196442
-0.209574
-0.486372
-0.0887738
-0.25159
-0.143101
0.465063
0.044353
-0.721799
0.0713715
0.376658
-0.156542
0.313958
0.067062
-0.152038
-0.300545
0.00727653
-0.183878
0.0206087
0.983999
0.338078
-0.360124
-0.00192881
0.10875
0.340451
0.146612
0.13409
-0.00521863
-0.681937
-0.284126
0.103391
-0.12594
0.711031
0.163052
-0.0856415
-0.108223
0.16391
0.0705027
0.110468
0.0166671
0.0590433
-0.857908
-0.401538
-0.191174
-0.528398
0.101727
0.180927
-0.325067
-0.180153
0.335437
-0.237274
0.248704
-0.15908
-0.211793
-0.527694
-0.403836
-0.467739
-0.241403
-0.449421
-0.161313
-0.247113
-0.120479
0.0804779
0.0648514
-0.17313
-0.39443
-0.362323
-0.00267863
-0.248557
0.0474891
0.0754564
-0.258364
-0.325807
-0.0337209
-0.0690877
0.131014
-0.0729084
0.151716
0.284587
-0.198061
-0.295065
0.508906
0.846457
0.232503
0.174622
0.133855
0.0266325
-0.365435
-0.175884
-0.190516
0.142053
0.0578426
-0.0133713
0.125136
0.326757
0.389093
0.204209
0.498004
0.451197
0.00757444
-0.370298
0.200954
-0.0850197
-0.124777
0.179225
0.240579
0.503294
0.137479
0.347678
0.549421
0.652221
0.180226
0.295648
-0.138922
-0.0285089
0.415483
-0.0110188
0.011029
0.361315
0.426147
0.417549
0.511463
-0.0593058
0.195901
0.194767
-0.101486
0.122096
0.13033
0.0739562
0.132595
0.146777
0.272716
-0.0361918
-0.126563
-0.0706206
-0.0879683
-0.177857
-0.282977
-0.349753
-0.114768
0.0834314
0.145005
0.146983
0.036146
0.237985
-0.00983219
-0.0725476
-0.0954165
-0.0251605
-0.225068
-0.0821512
-0.0431376
-0.304094
0.319701
0.281861
0.148686
-0.0819584
-0.595775
-0.250789
0.0312093
0.0756349
-0.0735077
0.0444614
0.0652508
-0.184722
0.239417
0.387061
-0.00638711
-0.492804
-0.54617
-0.546676
-0.341887
-0.0986018
0.0423588
-0.0425872
0.0820948
-0.0342594
0.221348
0.768528
1.15421
0.0773062
-0.685674
-0.482077
-0.715339
-0.559076
-0.455356
-0.280171
-0.0110791
0.146391
0.136894
0.509711
0.912831
0.781688
0.151768
-0.249712
-0.487175
-0.418117
-0.179171
-0.41967
-0.534709
-0.22363
-0.0971191
-0.186041
0.212329
0.333618
0.258549
0.0914825
-0.57984
-0.620436
-0.146815
-0.12161
-0.381702
-0.00355844
-0.11213
0.0156593
0.106506
0.151135
0.578871
0.0815531
0.109343
-0.143624
-0.304135
-0.595895
-0.295019
-0.268301
-0.176187
-0.134977
-0.19925
-0.0364948
0.0245201
0.352204
0.0158103
-0.0526856
-0.121623
-0.509127
-0.30951
-0.274092
-0.056275
-0.362506
-0.171248
-0.468387
-0.257382
-0.0702139
-0.335754
-0.177232
-0.0152547
-0.292422
-0.08801
-0.303198
0.0352199
0.141614
0.0998656
-0.129651
0.151652
-0.235933
-0.229702
-0.162918
-0.0587519
0.2565
-0.0756045
-0.125064
0.0114241
-0.0604362
0.035118
0.0446408
-0.113294
0.340926
0.340366
-0.000395517
-0.170672
0.074388
0.0775475
-0.0947764
-0.0413412
0.213439
-0.326956
0.258472
0.267745
0.29007
0.37282
0.0550565
0.186051
0.0999287
0.192039
0.231445
-0.716305
-0.325998
-0.234729
-0.265349
0.00102954
-0.00864247
-0.198474
-0.123617
-0.350023
0.222277
0.452484
0.428365
0.12029
0.303846
-0.0627812
0.379094
-0.329953
0.102518
-0.295967
0.0292233
0.329688
0.183916
0.0801682
0.34693
0.271749
-0.16978
0.0203824
-0.0620207
0.0177066
-0.313909
0.459803
0.505481
0.0703125
0.0751672
-0.276026
0.247237
0.704968
-0.235092
-0.356105
0.118948
-0.206889
-0.0954641
0.057317
-0.207264
0.191098
0.162452
-0.180555
-0.170735
-0.24092
-0.116352
-0.0501136
-0.921065
-0.448805
0.232271
-0.496562
-0.207535
0.0282163
-0.0948174
-0.31334
-0.566078
-0.555809
-0.26102
-0.156372
0.271131
-0.0503228
-0.00947764
0.071115
0.281958
0.162589
0.705341
-0.107957
-0.358062
-0.206624
-0.385878
-0.403135
-0.33653
0.14181
0.0241799
0.0332918
-0.0873
-0.294223
0.271098
-0.0367931
-0.179944
-0.0138418
0.435267
0.280412
-0.319246
0.386369
-0.0439778
-0.0528279
0.012838
0.0567723
-0.0307917
0.556406
0.407155
0.169135
-0.0935021
0.557505
0.00729979
-0.00119272
0.543772
0.00679034
-0.0656293
-0.00336508
0.27371
-0.156681
0.231423
0.0811661
-0.2009
-0.488033
0.265572
-0.254518
-0.442337
0.11901
0.178947
0.192872
0.433079
0.353071
-0.486204
-0.0761264
-0.29966
-0.231216
-0.31092
0.0763565
0.204695
-0.0671995
0.10425
-0.0985951
-0.10239
0.433158
0.433114
0.235681
0.0773986
-0.456763
0.411502
-0.283562
0.316002
0.390104
-0.120995
-0.436363
-0.263442
-0.133181
0.270491
0.00414908
-0.0334781
0.18071
0.0462047
0.199831
-0.650377
0.186005
0.123336
0.0910798
-0.126022
-0.00495546
-0.0588729
-0.140605
0.00183017
-0.0813399
-0.026884
-0.0976579
-0.108354
-0.230699
-0.395856
0.107017
-0.322519
-0.213661
0.0586821
0.136504
0.13883
0.196183
0.157413
0.278755
0.584234
0.369399
0.190043
0.0143855
0.0469749
-0.361588
-0.522632
-0.676747
-0.433356
-0.0157407
-0.195068
-0.0281402
0.178704
0.443221
0.575118
0.439017
0.429302
0.247376
-0.165842
-0.250637
-0.227792
-0.2576
-0.446022
-0.2338
0.059797
-0.193127
0.412215
0.316404
0.141086
-0.242436
0.0475321
0.178624
0.034867
-0.302442
-0.565851
-0.246099
-0.0695028
-0.26191
-0.523154
0.0629702
-0.0974636
0.0250993
-0.212592
0.410094
0.201574
-0.171966
-0.606639
-0.107814
0.0538593
-0.196288
-0.355285
-0.205991
0.297565
0.25152
0.306241
-0.175548
0.29149
0.149759
0.133724
-0.338139
0.326151
0.306675
0.25144
-0.412012
-0.0852579
0.233765
0.252902
-0.0561474
0.212311
0.273195
0.0538091
-0.266093
-0.260594
0.439992
0.558155
0.106956
-0.35929
-0.164435
0.232787
0.215811
-0.275475
0.0912032
0.0924081
0.186196
-0.222022
0.258907
0.612644
0.301426
0.00976902
0.14253
0.205024
0.140413
0.163429
0.111637
0.248594
-0.0275115
0.00614071
-0.297764
0.123799
0.0634389
-0.285777
-0.0420214
-0.0673213
0.225466
-0.010123
0.0713319
-0.0109669
-0.32202
0.0244349
0.145617
0.196387
-0.127771
0.0425333
0.287074
-0.104974
0.0106077
-0.145308
-0.44521
0.0528248
-0.242567
-0.195611
0.105779
0.452243
0.389018
0.0198101
0.0762622
0.0159453
-0.463999
0.25392
0.264653
0.0321258
0.0374564
-0.209711
-0.0136546
-0.00377489
0.0526031
0.398801
0.424305
0.367251
-0.0764128
-0.0034062
0.279798
-0.219217
-0.0748299
0.121521
0.0329411
-0.423596
-0.364807
-0.0554535
-0.121436
0.433741
0.131851
0.135919
0.202622
-0.0910479
-0.323237
-0.0701852
-0.181784
-0.0390476
0.0159878
-0.413654
-0.393049
-0.374171
0.148396
0.190801
0.0688245
0.0212681
0.45454
-0.422094
-0.212105
0.41596
0.217673
-0.263472
-0.326317
-0.0357592
-0.162472
0.0886094
-0.0600006
-0.0740019
-0.0217778
-0.15358
-0.487087
0.0392195
0.102056
0.284202
0.297512
0.0075223
0.277919
-0.332722
-0.357796
-0.419714
0.147888
0.268263
0.198688
0.0123345
0.12931
0.309546
0.262503
-0.00882993
-0.00835243
-0.0213969
-0.942382
-0.670699
-0.368101
-0.274889
0.178386
0.329156
-0.151334
0.279419
0.352323
0.00405785
-0.349527
-0.40073
-0.251384
-0.565805
-0.202355
0.170652
0.22934
0.564707
0.199671
0.107241
0.252792
0.300932
-0.0251405
0.23771
0.101731
-0.0980938
0.347182
0.520127
0.534871
0.132447
0.459233
-0.264393
-0.203859
-0.0501414
0.090283
0.16672
0.111401
-0.730213
-0.0743021
-0.0531529
-0.00333101
0.174457
-0.0598062
-0.300149
-0.0483132
0.168989
0.288204
0.295681
0.418432
0.531133
-0.469554
-0.50947
0.310251
0.333951
0.391097
-0.158444
-0.60992
-0.238566
-0.105961
-0.191904
0.11049
-0.0641127
-0.154493
0.185952
0.0862858
-0.22399
-0.0644569
0.336238
0.194191
0.0119391
-0.0836349
0.2836
-0.106785
-0.0537498
0.327744
0.201856
-0.314211
-0.215119
-0.352876
0.426494
0.223545
-0.0969695
-0.161861
0.0793567
0.166376
-0.0982423
-0.11931
-0.0776842
0.322417
-0.0151914
-0.174487
-0.0386927
0.362985
0.352247
-0.204506
-0.0183414
-0.123262
0.0173662
-0.22367
-0.566145
-0.157078
0.377221
0.259832
0.336632
0.643777
0.644472
0.394871
0.0114398
0.200713
0.0124051
-0.166956
0.126133
-0.0382162
0.147828
-0.209315
-0.22565
-0.162061
0.269509
0.150204
-0.152046
-0.0293894
-0.0097955
-0.253898
0.0688797
0.135742
0.0452641
0.156287
-0.33197
0.117423
0.102951
-0.34009
-0.126613
-0.185395
-0.077571
-0.0528473
0.0759151
-0.0484161
0.235845
0.192041
0.115462
0.0525414
-0.0696116
-0.0163238
0.200775
0.301904
0.236101
0.09221
-0.0119336
-0.0470571
0.170701
0.383893
-0.00891295
0.0696225
0.00859098
-0.177692
-0.0881478
0.307943
0.111789
-0.0978749
-0.215654
0.15656
-0.217577
-0.120011
0.344678
0.112175
0.0176533
-0.102485
0.19403
0.0651362
-0.404677
-0.186412
-0.463199
-0.422903
-0.322416
-0.325945
-0.172447
0.443481
-0.0652761
0.108426
0.137915
-0.0894423
-0.148168
-0.17387
-0.477112
-0.316471
-0.900348
-0.356442
0.159663
-0.322784
0.206909
-0.161116
-0.115355
0.30375
0.508981
0.364237
0.295768
-0.59142
-0.46974
-0.00992492
0.335086
-0.285605
-0.0544443
0.0290062
-0.217389
-0.184503
0.144414
0.368331
0.590441
0.484004
0.277492
-0.0206219
0.544591
-0.129971
-0.187608
0.117586
-0.0158492
0.0128602
0.364752
0.094563
-0.0391686
0.429076
0.561337
0.527724
0.550243
0.0464085
0.16761
0.100183
-0.116757
-0.319345
-0.0584384
0.116588
0.262402
0.0480514
0.139383
0.398555
0.294486
-0.140215
0.227036
0.0712221
-0.024336
-0.0598393
-0.0815866
0.129404
0.118464
0.114736
0.245951
-0.206172
-0.172291
0.101702
0.0515234
0.367513
-0.381519
0.211916
0.390086
-0.182167
0.485615
0.026885
0.249799
0.163729
-0.337899
-0.41378
-0.0663043
0.0588089
0.0714102
-0.189309
-0.418298
-0.114824
-0.443807
-0.332362
-0.254214
-0.178841
-0.201875
-0.697102
0.00871164
0.230758
-0.0174913
0.517411
0.129541
-0.102961
0.139783
-0.133652
-0.161751
-0.34135
-0.510485
-0.0925531
-0.129534
0.175399
0.00190432
0.322331
0.581745
0.191795
-0.0905271
-0.361532
-0.105918
-0.189809
-0.314798
0.224336
-0.1407
-0.305753
0.0623659
0.539998
0.519892
0.35126
0.153955
-0.0472779
-0.0441922
-0.0103083
-0.147266
-0.489395
-0.754645
-0.441191
-0.0901233
-0.374847
0.0631583
-0.45991
-0.408539
-0.454922
-0.0709538
-0.272954
-0.208594
-0.164928
-0.413377
-0.303268
-0.0555199
-0.0795622
0.133117
0.0451651
-0.143638
-0.123599
0.0125375
0.227361
-0.0682156
-0.140861
0.329485
0.434886
0.116986
-0.0531988
-0.0572313
0.112246
-0.00499786
-0.29699
0.207263
-0.306828
0.269523
-0.118076
-0.150344
0.263156
0.160027
-0.0962786
-0.0269458
-0.260662
-0.215011
-0.127375
-0.17604
0.00796344
-0.157394
0.750878
0.640044
0.0481863
0.529547
0.431837
-0.399227
0.01929
-0.215595
-0.793884
-0.241642
-0.370301
0.121794
-0.417174
0.272385
0.218464
0.191759
0.728059
0.319222
0.571871
-0.203359
-0.587806
0.035712
-0.319219
0.115097
0.189628
0.214435
0.0790119
0.373695
-0.012552
0.215345
-0.23596
-0.402276
-0.595675
-0.0824605
0.329588
-0.174786
-0.244119
0.366813
0.237019
0.24195
0.0330658
-0.209029
-0.104214
-0.0847737
0.137842
0.0413873
0.00989423
0.0230787
-0.0529209
-0.0775202
0.266957
-0.027037
0.224859
-0.195452
0.233496
-0.25929
-0.152515
0.369206
0.159342
0.046196
-0.230487
-0.279417
-0.431146
0.270864
0.298571
-0.353958
-0.287932
-0.10722
-0.238212
-0.150296
0.0162538
0.433971
-0.163086
-0.0168907
-0.331378
-0.0705874
0.15738
0.277025
-0.117845
-0.179639
0.234243
-0.229972
-0.0882047
0.110202
0.524099
0.406437
-0.351113
-0.918897
-0.357884
0.17853
0.245158
0.155415
0.0741987
0.345539
0.233691
-0.0160589
0.107117
0.59437
0.0816948
-0.279313
-0.139931
-0.419408
-0.27989
0.0177385
0.0680046
-0.171299
0.00970226
0.309534
0.180638
0.00206199
0.141328
0.391764
-0.00973952
-0.284824
0.196012
-0.176563
0.0248706
0.427846
-0.00420376
0.129017
0.0912607
-0.175943
-0.164679
-0.35497
-0.236897
0.0160586
0.319862
0.174837
-0.278336
-0.227776
-0.264409
0.216579
0.407244
0.454608
-0.484637
-0.191944
0.063376
0.153324
0.453826
-0.111622
-0.058934
-0.417155
-0.50386
-0.0744599
0.0361547
0.255118
0.281621
-0.403533
-0.17962
0.0487154
0.263026
0.0602429
-0.292433
0.313159
0.0341918
0.412373
0.152195
0.317042
0.0106381
0.328817
0.00205805
-0.295346
-0.164459
0.0730162
-0.287575
-0.642778
0.53605
0.54364
0.0343529
-0.387025
0.254306
0.0635177
0.371141
0.0454778
-0.0741967
-0.148719
0.592214
0.281805
-0.0577888
0.0572274
0.403613
-0.259995
-0.265965
-0.0713688
0.355583
0.400185
-0.246738
-0.173479
0.17083
0.218678
-0.499687
0.40934
0.612161
-0.195021
-0.0557365
-0.0990896
-0.221134
-0.0384953
0.473899
0.181542
0.36147
0.421777
0.0411748
-0.77831
0.0521014
0.249511
0.0148241
-0.0637365
-0.377502
-0.0480457
-0.123497
0.260202
0.195423
0.0661049
0.349997
0.345261
0.17304
-0.112783
-0.02329
-0.267544
-0.271888
-0.220339
0.258503
-0.523741
-0.0920596
0.0937732
-0.101019
-0.222706
-0.0543972
0.0667285
-0.308313
0.00331798
0.0610824
-0.188269
-0.014985
-0.363385
-0.510752
0.101216
-0.103662
0.155526
-0.0116301
0.312695
0.28716
0.264067
0.192829
0.0399428
0.14834
0.511795
-0.192925
-0.283645
0.395051
-0.46019
0.149868
0.106342
-0.13252
0.268616
-0.316619
0.29865
0.180584
-0.0271288
0.187426
-0.15189
-0.0645105
0.0358063
0.25097
-0.133044
0.08263
-0.0576845
0.18105
0.159426
0.157131
0.344213
-0.171476
-0.0408234
0.0186309
-0.0168015
-0.114531
-0.114512
0.0184709
0.0931079
-0.139602
0.0689282
0.117114
0.0487064
-0.133076
-0.0742437
-0.0860729
0.169668
-0.0488826
-0.0251692
0.369627
0.0265861
0.104613
-0.238704
0.136625
0.325131
0.0453924
0.0309164
-0.0649102
0.263312
-0.198001
0.00522094
0.263345
0.406593
-0.0632797
-0.326207
-0.420652
0.0791059
0.259411
0.303699
0.197893
0.0124802
-0.0355923
-0.0779206
0.116866
0.0214162
0.216768
-0.0760985
-0.366353
-0.530429
-0.179931
-0.278479
0.289248
0.522514
-0.050234
-0.388183
-0.212446
0.275216
-0.246963
0.105265
0.405692
0.150486
-0.260645
0.212132
-0.00357728
0.127131
0.462437
0.233007
-0.543363
-0.225902
0.207765
-0.305683
0.0239659
0.293
-0.0370173
0.198511
0.105989
0.0951883
-0.260019
-0.156719
-0.143072
-0.165034
0.303018
0.390435
-0.129148
-0.249205
0.0203167
0.317119
0.382982
0.500371
-0.127828
-0.624449
-0.260769
-0.376595
0.235469
0.333321
0.679019
0.227273
-0.138224
0.0843093
-0.421646
-0.198367
-0.0511066
0.120515
-0.324383
-0.158075
-0.0590061
0.11486
0.128044
0.251444
-0.110109
0.0330106
-0.132152
-0.520771
0.0567056
0.0156017
0.615769
0.153763
0.0399237
-0.304558
0.185602
-0.260036
-0.646244
0.0560732
0.0647928
-0.271937
0.106383
0.433654
0.183374
0.470278
0.0653695
0.0768666
0.335596
0.345713
-0.223094
-0.128034
-0.19184
-0.329194
-0.170064
-0.186149
-0.231688
0.118053
0.0434764
-0.0302544
-0.0853354
0.00690156
0.348891
0.186566
-0.00183818
-0.127803
-0.210541
0.0498838
-0.171672
-0.252899
-0.281584
0.224791
0.270904
0.524938
-0.135335
0.219685
-0.138646
0.270388
-0.308134
-0.347405
0.0706149
-0.0723805
0.0946428
-0.24191
-0.056419
0.373379
0.0134284
0.467256
0.156713
0.153943
0.252315
-0.268006
-0.220915
0.0559019
-0.199667
-0.22883
-0.0898606
-0.201307
0.349989
0.170775
0.169743
-0.0122584
0.0796384
0.0766879
-0.163079
-0.185712
0.374136
-0.191102
-0.258389
0.355336
0.0767556
0.0458239
-0.0301343
0.00759225
0.0832714
0.162234
0.142626
-0.016609
0.169446
0.140419
0.0912005
-0.0288967
-0.089143
-0.0644017
-0.147558
0.376262
0.303104
-0.0508755
0.116093
0.145195
0.109724
0.0159067
-0.0362678
-0.208021
0.182303
0.0173357
-0.241795
-0.0931291
0.544237
0.397531
-0.313624
-0.192664
-0.384762
0.0858431
-0.359939
-0.153975
-0.298685
0.205559
-0.460782
-0.398576
-0.557826
0.253809
0.2853
0.263535
0.0336793
-0.409622
-0.185509
0.271136
-0.179683
-0.539143
-0.0685703
-0.211419
-0.450877
-0.628656
-0.323739
0.139202
0.310821
-0.0343941
-0.116799
0.15734
0.15499
-0.263196
-0.0408283
0.218072
0.549379
0.258831
-0.0956641
0.256642
0.224183
-0.173223
-0.10617
-0.0940423
0.305115
0.520752
0.0536199
0.265447
0.6297
0.449889
0.492666
0.499001
0.852
-0.0147766
0.131677
-0.581077
-0.150105
-0.164964
-0.259485
-0.321532
-0.015536
0.674453
-0.0225599
-0.0531602
-0.462575
0.158105
0.214532
-0.146616
-0.27825
-0.391215
0.0259621
0.0115078
0.16446
-0.083114
0.219421
-0.0080859
0.232419
-0.331439
-0.373913
0.0928342
0.207379
0.0860082
-0.257265
-0.185723
0.0339142
-0.101614
-0.257202
-0.0102738
0.311778
0.126425
-0.277789
-0.359552
-0.0930092
0.0263856
-0.163271
-0.377705
0.110209
0.39762
0.195951
-0.346815
-0.10822
0.379329
-0.0972406
-0.478171
-0.627098
-0.0821478
0.1647
-0.401253
0.0466758
0.105731
0.242632
0.175847
0.0418974
0.381155
0.475909
0.35096
-0.241353
-0.161821
0.251262
0.293294
-0.0271252
-0.0653301
0.0581649
0.340601
-0.00363604
-0.257767
-0.19912
0.126524
0.213462
-0.174058
0.422966
0.282643
0.186631
0.236214
0.313215
0.207702
-0.0345758
-0.0580256
0.0444308
-0.0865306
0.234624
0.238077
-0.255434
0.0963203
0.0303566
-0.16351
-0.0111854
-0.232205
-0.0199493
0.302159
0.228734
0.202512
0.172692
0.22997
0.151917
0.07103
-0.193342
0.435658
-0.0855938
-0.156469
0.189799
0.380101
0.0764976
-0.0733311
0.0309688
-0.110478
-0.353485
0.0925464
-0.199093
-0.272929
0.0884104
-0.129149
-0.149088
-0.092945
-0.0624523
0.207467
0.27165
0.517132
0.044563
0.219298
0.052285
0.439817
-0.0824603
-0.262565
-0.388837
-0.377393
-0.103176
-0.591693
-0.265847
-0.401381
0.132161
0.438615
0.358154
0.266088
0.423928
0.455689
0.261926
-0.362128
-0.17925
-0.147151
-0.489905
-0.386914
0.172966
0.414294
0.434971
0.238858
-0.0741317
0.147897
0.192993
0.0831953
-0.140299
0.122491
0.39565
0.36807
0.275663
0.0356541
-0.248501
-0.0224765
-0.00113276
-0.263408
-0.0128391
0.120497
0.344089
-0.0350493
-0.169841
0.18151
0.484153
0.452453
-0.227531
-0.472873
-0.576601
-0.264831
0.0523002
-0.33677
0.207373
0.253846
0.0540558
0.170426
-0.0322245
0.128557
0.308199
-0.158945
-0.481989
-0.413403
-0.623852
-0.173693
-0.00381069
-0.0743692
-0.0425345
-0.0279877
0.075299
-0.134496
0.106396
0.162854
-0.0588317
-0.202058
-0.0745141
-0.332684
-0.000222798
0.085272
0.116636
-0.105427
0.193946
-0.240547
-0.0251841
-0.158783
0.438033
0.216018
-0.0427565
0.225828
-0.0747176
0.0795782
0.449649
0.445315
0.360768
0.459255
0.332093
-0.144158
-0.0103878
-0.19341
0.0558684
-0.00134674
0.170412
-0.159378
-0.0607476
-0.00337079
-0.27164
0.135758
-0.0132343
0.128552
0.170281
-0.312862
-0.113571
0.356039
0.174362
-0.191859
-0.0953279
-0.460005
-0.286536
-0.145239
-0.312444
-0.39817
0.156654
-0.133415
0.401293
0.153144
0.00643499
-0.0527436
-0.330932
-0.051333
0.0367958
0.296593
-0.00764214
-0.0440047
0.0598714
0.202022
0.130542
0.0541121
0.144206
0.0945047
0.11191
-0.055896
-0.22063
0.125342
0.316457
0.152413
0.228778
0.0660155
0.0905342
0.215146
0.0465781
0.0273009
-0.0714382
-0.223293
-0.0243312
0.0769267
0.0914316
0.404353
0.430162
0.369923
0.040819
0.0295015
0.0810478
-0.105029
-0.257116
-0.186631
0.209647
-0.154261
0.268529
0.306052
0.222622
0.113208
-0.265257
-0.561948
-0.697548
-0.404429
-0.623378
-0.475619
-0.0605485
0.707496
0.140244
0.238867
0.266963
0.21862
-0.110713
-0.375671
-0.368633
-0.371241
-1.07943
-0.563968
-0.534577
0.0900983
1.02709
0.236339
0.18904
-0.200005
0.0661995
0.126504
-0.643407
-0.757398
-0.968746
-0.713757
-1.0274
-0.416976
0.00490596
0.629235
0.289572
0.393138
0.0632537
0.340925
0.197609
-0.1765
-0.418491
-0.734501
-0.180007
-0.33673
-0.605646
-0.0360969
0.27685
0.326553
-0.0225068
0.346155
0.515094
0.0557162
-0.392461
-0.109462
0.0300006
0.390661
0.0616188
-0.156887
-0.260261
0.0607269
-0.281903
-0.0757269
0.446446
0.149008
0.279181
0.0367117
0.277483
0.83309
0.771858
0.547361
0.136793
-0.089784
0.112873
0.201467
-0.267394
0.0233293
0.0102656
0.021723
0.00746098
0.147632
0.621647
0.380376
0.064284
0.144178
0.261863
0.0340045
-0.0247525
-0.371022
-0.371948
-0.103084
0.036274
0.0422736
0.15218
0.461371
-0.204814
-0.176971
-0.0297178
-0.0618144
-0.0755118
-0.318036
-0.256584
-0.162451
0.0742611
0.059003
-0.00527458
0.126666
0.217967
0.0205402
-0.0408722
-0.259723
0.167319
-0.125786
-0.176585
-0.244543
-0.0673713
0.108696
0.0524785
-0.173475
0.0444851
0.275833
-0.319548
-0.0786389
0.00614482
-0.419427
-0.347454
-0.409682
-0.708484
-0.320742
-0.227813
0.0510763
0.0525308
-0.0494487
0.211525
0.167462
0.244074
-0.300894
-0.0850031
0.0618263
0.436078
0.203963
0.0797071
-0.312836
-0.136681
0.0433876
-0.291218
-0.0278554
-0.26154
-0.287853
-0.261855
-0.317296
-0.108301
-0.00700087
0.290984
-0.124504
0.398264
0.470995
0.528634
0.329874
-0.570848
-0.776056
-0.486152
-0.46513
-0.132461
0.361166
0.113103
0.168524
-0.337369
0.0447763
0.244692
0.332891
0.507862
0.0208726
-0.461688
-0.313211
-0.00235721
0.354727
0.301936
-0.153895
0.0713013
-0.0398897
-0.194414
-0.507453
0.584244
0.368331
0.365018
-0.114654
0.0659283
0.535708
0.23975
0.549104
-0.572321
-0.424989
0.025326
-0.0512226
-0.204667
0.428173
0.188349
0.0148221
-0.0901863
0.482041
0.44724
0.416282
0.437949
-0.461202
-0.35959
-0.430175
0.044236
-0.228695
-0.282198
-0.0860309
-0.184938
-0.459236
-0.0831246
-0.0785465
-0.208995
-0.0251535
0.0335161
0.0032483
0.0386426
-0.201492
0.0337694
0.350782
0.0827383
-0.0331984
-0.227751
0.352528
-0.515822
-0.936854
-0.453788
-0.539752
0.384775
-0.283126
0.146911
0.142862
0.140853
-0.0637346
-0.303743
0.0533021
0.227507
0.0102374
-0.323156
-0.196234
0.286859
0.102493
0.0452446
0.107332
0.112237
-0.194199
-0.319573
-0.112518
0.204032
0.362124
0.0444496
0.210885
0.225479
0.253545
0.400295
-0.0731632
-0.212622
0.18327
-0.274593
-0.247351
0.0908004
0.469167
-0.0897664
-0.383661
-0.0106626
0.297849
0.178687
0.265748
-0.0786693
-0.16953
0.0756603
0.227371
-0.121346
0.271908
-0.103247
-0.373646
-0.272972
0.338436
0.242323
0.0781212
-0.231
-0.0141891
0.0928506
-0.0896096
-0.21423
-0.0306476
0.0793819
0.234848
0.0296632
-0.29247
-0.00659432
-0.160278
0.111681
0.0941208
-0.100258
0.183803
-0.0759525
-0.000107882
-0.217293
-0.0803023
-0.137548
-0.0389523
-0.397361
-0.220957
-0.358384
-0.41842
0.34503
0.0238461
0.0954519
0.129305
-0.288766
0.198637
0.0896637
-0.145841
0.357484
-0.339858
-0.0807191
0.177053
-0.353305
0.323614
-0.0498484
0.13284
-0.249625
-0.0636246
0.157785
0.365581
0.262766
0.235995
0.147613
-0.178212
-0.530837
-0.0377431
-0.00412298
-0.174836
0.16744
0.021895
0.131447
-0.0892362
0.643195
0.317909
0.205408
0.00892982
-0.619115
-0.0509845
0.297945
0.219164
-0.272492
0.235006
0.0074201
-0.15662
-0.327663
-0.0242054
0.619572
0.291782
0.235095
-0.189476
0.153048
0.0568158
-0.133605
-0.357418
0.320133
0.0236571
-0.621049
-0.93173
-0.161556
0.653489
0.456785
-0.0215838
-0.282974
0.0918941
-0.225227
-0.372495
-0.255255
0.733538
0.480024
-0.216202
-0.383686
-0.547011
0.549068
0.352383
0.273136
-0.304883
0.282529
0.138915
0.0122491
-0.201413
0.467422
0.105447
-0.501695
-0.553331
-0.436771
0.575942
0.293425
0.490636
0.169354
-0.0531713
-0.0326173
-0.149335
-0.272753
0.471046
0.0374551
-0.273831
-0.0141825
0.0639475
0.0182621
0.31773
0.199593
0.0059933
0.25391
-0.120611
-0.0147663
0.0453969
0.211007
0.144404
-0.359378
-0.266137
-0.0145522
-0.0869594
0.461734
0.104286
0.0858253
-0.0132165
-0.0117199
-0.243441
-0.259828
0.255406
0.12354
-0.437655
-0.72247
0.0295136
-0.417284
0.267954
-0.198108
-0.270788
-0.26969
-0.0206683
-0.066893
0.437119
0.0308582
0.218031
-0.361745
-0.591371
-0.310057
-0.32472
0.0616064
-0.0790936
-0.0840283
-0.532777
0.128597
-0.104009
0.218204
0.456052
0.0261661
-0.162019
-0.370682
-0.426138
0.105601
-0.337644
-0.136898
-0.315899
0.00572369
0.268171
0.0411478
0.316029
-0.816447
0.105199
0.252811
0.33118
0.229289
0.269641
0.205578
-0.166559
-0.183435
-0.124124
-0.1184
0.226144
-0.0201031
-0.260391
-0.213169
0.21037
0.575913
0.559382
0.252468
0.524795
-0.192069
-0.412228
0.00991327
-0.28131
0.174426
0.050779
-0.103717
-0.17796
0.16859
0.0320139
-0.119648
-0.186453
0.106992
-0.672343
-0.740841
-0.51221
0.482012
0.244769
0.321406
-0.14175
0.0368285
-0.132456
-0.0228465
0.22425
-0.0134961
-0.102989
0.165616
-0.325344
-0.15516
0.11957
-0.15088
-0.256192
0.0216846
0.230508
0.0182238
-0.0574138
-0.214549
0.0627371
0.183755
-0.348477
-0.517152
-0.486352
-0.304406
-0.214679
-0.406553
0.0661521
0.0662891
0.365424
0.579759
-0.414014
-0.0644572
-0.106021
-0.0544396
-0.509526
-0.0258219
0.403824
-0.115576
-0.109994
0.222971
0.193715
0.287769
0.254259
-0.069189
0.00490239
-0.288972
-0.389375
-0.236952
-0.0159514
0.255418
0.0429527
0.401019
0.196847
0.174146
0.161882
0.117651
-0.24413
-0.296726
0.022147
-0.0806571
-0.0354857
0.359128
0.292061
0.191003
0.696726
0.295876
-0.202746
-0.24369
-0.337953
-0.0623558
-0.137469
0.536742
0.394273
-0.0969609
-0.278836
-0.501601
-0.112312
0.0647501
-0.13701
-0.0732767
-0.142926
0.0460787
-0.2916
-0.075282
0.0700887
-0.314795
0.25006
0.225676
0.282722
-0.180299
0.345849
0.200927
-0.143306
-0.322769
0.0445181
-0.0584829
-0.206036
-0.621009
-0.833426
-0.0319501
-0.0671061
0.373693
-0.116936
-0.0783234
-0.276693
0.253318
0.442528
-0.0943878
0.0586317
-0.0127935
0.0453599
0.614622
0.328322
0.242054
-0.133539
-0.24846
0.0233886
-0.326778
0.106
0.122134
0.224214
-0.139127
-0.175784
-0.128004
0.190326
0.114594
-0.219388
-0.0343522
0.0921223
-0.145994
-0.43218
-0.671458
-0.0566885
0.235765
0.0800483
0.0848935
-0.439219
-0.167162
-0.163116
-0.0350071
0.145412
-0.2768
-0.270304
0.0222514
0.0733751
-0.157538
0.0216422
0.164281
-0.380563
-0.375138
-0.168031
-0.0342588
0.0276379
0.252134
0.0485437
-0.254894
0.292259
0.530619
-0.26261
-0.0346701
0.367129
-0.301186
-0.159966
0.0931857
0.217269
0.0557509
0.422093
0.253949
0.400598
0.496512
0.66519
0.0380274
0.165426
0.063671
0.182618
0.512434
0.0784996
0.468638
-0.0338692
-0.439588
-0.390747
-0.721849
0.07562
0.226813
-0.374672
0.0904953
-0.0555378
-0.0346496
-0.374081
-0.288911
0.224046
0.0205998
-0.517907
-0.510724
-0.328814
-0.86217
-0.269254
-0.136768
0.0840541
0.517775
0.168434
-0.169457
-0.308067
0.0666936
0.154183
-0.59092
-0.0214697
0.255831
-0.596061
-0.208341
-0.30622
0.0592726
0.485677
0.631941
-0.0616977
0.00436635
-0.0861184
-0.0951092
0.279255
0.088785
0.317558
0.0254612
0.0364243
-0.579874
-0.231302
0.0257054
0.709958
0.191501
0.178718
0.25449
0.142092
-0.0855228
0.337812
-0.111557
-0.392517
0.127922
-0.246555
0.031047
0.0734572
0.112968
0.0119607
0.312342
-0.412789
-0.14093
0.160795
0.543591
0.317042
-0.212792
0.316409
-0.28325
-0.192617
-0.222445
0.000967419
0.237921
0.0768569
-0.258106
-0.197414
0.0761223
-0.183945
0.361384
0.159838
-0.0439382
-0.255389
-0.0869554
0.049608
-0.149894
-0.078138
0.0567042
-0.370358
-0.261029
0.147798
0.207857
-0.0272796
0.196146
0.108948
-0.0935938
-0.0528473
-0.33829
-0.555991
-0.513819
0.441503
0.0283646
0.00952297
-0.27235
-0.178864
0.342313
0.243368
0.416884
0.0450163
0.115357
0.145049
-0.0850307
0.35642
-0.0918871
-0.0920893
-0.21444
-0.119365
-0.107571
-0.0920945
-0.168318
0.0876757
0.723653
-0.190442
-0.0605228
-0.458791
0.0633427
0.0867126
0.0137064
-0.197471
-0.187098
-0.102519
-0.292359
-0.105007
-0.0111852
-0.334645
-0.109389
-0.122731
-0.140683
-0.0911575
-0.15809
-0.217666
-0.392767
-0.497808
-0.58477
-0.191625
-0.550638
-0.253085
-0.435267
0.132276
-0.134728
-0.366525
0.306687
-0.0721727
-0.119547
-0.184292
-0.713366
-0.340538
-0.393406
-0.525364
-0.350171
-0.55303
-0.14218
0.22256
0.0399767
-0.212996
-0.119967
-0.191254
-0.0100977
-0.473794
-0.124169
-0.483745
-0.577108
-0.673578
-0.264601
0.00963154
0.241465
0.328963
0.350235
0.0999454
-0.0423294
0.183938
-0.362296
-0.0962861
-0.0160337
-0.0662123
0.0957799
-0.27989
-0.00778379
0.0487837
0.173506
0.66978
0.171497
0.398199
0.337844
0.025991
-0.0986505
-0.0780384
0.234113
-0.355981
0.190061
0.0635627
0.137283
0.0996348
0.737834
0.711726
1.03469
0.528841
0.175036
0.232077
-0.145823
-0.0306667
-0.203509
0.171442
0.00980135
-0.10549
-0.0158046
0.573269
0.680826
0.759005
0.45644
0.184242
0.100271
-0.325953
0.183507
-0.0950079
0.214568
-0.315237
-0.365692
-0.378811
-0.0170104
0.288314
0.113505
0.446987
0.125495
-0.0444735
0.0542677
0.343421
-0.079943
0.155478
-0.391483
-0.289803
-0.211069
0.127018
-0.0460471
-0.164009
-0.321079
-0.279269
-0.103162
0.0762825
-0.0262779
0.242237
0.317224
-0.313127
-0.166001
-0.1659
0.0011263
0.0287642
-0.207094
-0.2692
-0.147871
-0.0614748
0.0281404
0.385285
0.31826
0.163806
-0.235416
-0.28392
0.0275067
-0.240895
0.0172478
-0.185465
-0.484828
-0.0753743
0.332462
0.0498275
0.477681
0.203075
0.0728552
-0.0535276
-0.155385
-0.0128743
-0.289708
-0.164066
0.000549784
-0.112909
-0.0625336
0.0432167
0.467715
0.269134
0.25396
0.0500903
-0.355979
-0.0134423
0.184972
0.269787
0.135402
-0.31865
-0.594353
-0.545685
-0.257854
-0.0428712
0.0279576
0.107065
-0.0897815
0.12665
0.0200946
-0.309075
-0.0884945
-0.148122
-0.26385
-0.803886
-0.637761
-0.187272
-0.222148
0.0151418
-0.378102
-0.0656745
-0.134079
-0.433241
-0.445506
0.425745
-0.109914
-0.00279949
-0.181248
-0.10568
-0.102838
-0.6424
-0.36432
0.21894
0.409401
0.175645
0.147411
0.305445
0.307277
0.683104
0.634841
0.135256
0.0841098
0.0622381
-0.116871
-0.215848
0.59766
0.149264
-0.0760782
0.150826
0.0618451
0.338472
0.732134
0.22438
-0.0407581
-0.126007
0.126998
-0.444114
-0.667254
0.336234
0.559165
-0.239446
0.207026
-0.265118
-0.441512
0.147197
0.0951455
-0.202453
0.348482
0.0987103
0.139261
-0.389892
0.044464
0.759269
0.438907
0.284837
-0.431871
-0.243898
-0.210715
0.0856266
0.088714
0.226189
0.589239
0.37423
-0.686806
-0.0968213
-0.129939
0.104994
0.273463
0.565357
-0.11446
0.0233941
-0.0868136
-0.393539
-0.381674
0.13969
0.338961
0.221094
-0.114536
0.128095
0.082646
0.251849
0.0421773
0.14398
-0.0810467
-0.0437524
-0.442031
-0.271561
0.0940959
0.285737
0.125395
0.0107631
-0.108521
-0.244595
0.0687481
0.167947
0.0291625
-0.258627
-0.0522086
-0.345343
-0.519121
-0.105097
-0.0923794
0.11342
0.0575568
-0.0253458
-0.343729
0.325958
0.331009
0.208609
0.324195
-0.760091
-0.584024
-0.649781
0.347513
0.537149
-0.118027
-0.237923
0.0840994
-0.177884
0.271044
-0.120537
0.131114
-0.0819597
-0.285881
-0.184348
-0.354033
-0.070969
0.429226
0.0374976
-0.00438187
0.228848
-0.149134
-0.048421
0.0644476
-0.289496
0.0533458
-0.374899
-0.10811
0.349638
0.0140015
0.112618
0.0100753
0.0448137
-0.270179
-0.253042
-0.438129
0.298672
0.404505
0.351995
0.614218
0.593392
0.499858
0.359379
0.230351
-0.301686
-0.247239
-0.366577
-0.246835
0.0811293
0.174118
0.181835
0.340467
0.254719
0.576781
0.232534
0.124962
0.309388
-0.100468
-0.103165
-0.363578
-0.11956
0.0473916
0.110012
0.18914
0.310788
0.0387577
0.252357
0.449078
0.398605
0.422371
0.281777
-0.123459
-0.280032
-0.187768
-0.167312
0.0468515
0.223712
0.0597696
-0.0547501
-0.1602
0.371172
0.294207
0.00903922
-0.249325
0.0906479
-0.185767
-0.193262
-0.298123
0.0835788
0.268242
0.225184
0.414826
0.154691
0.0298648
-0.01556
-0.18669
-0.420713
-0.527498
-0.458088
-0.0364228
-0.297182
0.416516
0.19539
0.396864
0.278927
0.0592315
-0.331635
-0.138132
-0.0337644
-0.0154066
-0.609406
-0.727997
-0.17613
-0.385925
0.116458
-0.0688249
-0.0490256
-0.0707897
0.504625
0.601403
0.0549837
-0.00149224
-0.0246067
-0.624053
-0.454587
-0.323636
0.0636376
0.187355
0.291784
-0.0203931
0.775284
0.403137
0.22781
0.0949702
0.0903074
-0.305891
-0.413531
-0.396691
-0.0359777
0.191188
0.284372
0.288939
-0.358343
-0.0462974
-0.0335735
0.0116794
-0.0199296
-0.395705
-0.554399
-0.254674
-0.0994465
0.0145503
0.29715
0.257205
-0.0020451
0.0206482
-0.00545194
0.0679541
-0.142606
0.0252741
-0.0796783
-0.0798225
-0.0782598
-0.0852356
0.0811232
-0.130401
0.197629
0.0875409
-0.174032
0.0624194
-0.426361
-0.144479
-0.0752813
0.0739316
0.00795981
0.0652434
-0.125233
0.128614
0.224777
0.378691
0.227474
-0.0669966
0.19282
-0.453176
0.138295
0.0454389
-0.133159
-0.231313
0.206484
-0.292969
-0.136121
-0.0469889
0.353481
0.483377
0.17317
0.127915
0.079262
-0.106318
0.0742484
0.0716502
0.176113
-0.371879
-0.168977
0.0440259
0.0795003
-0.385294
0.0407268
0.166189
-0.0035515
0.360712
0.580164
0.613316
0.514216
-0.0417445
-0.0191155
-0.164102
-0.0519179
-0.00169558
0.0998031
-0.050685
-0.150844
-0.0478892
-0.358105
-0.133984
0.245731
0.519559
0.245261
0.103514
-0.207133
-0.234786
0.131093
-0.0218901
0.119547
0.147959
0.108365
-0.536705
-0.0888435
-0.542713
0.111613
-0.28704
0.0470476
0.0180924
0.317221
0.423319
-0.00326854
-0.0942532
-0.192205
-0.0967802
-0.459318
-0.262963
-0.284555
-0.679588
-0.484845
-0.189139
0.128567
0.257132
0.453624
0.134639
-0.483359
-0.382639
-0.00910994
0.316902
0.295812
0.258647
-0.441575
-0.541294
-0.056935
-0.182883
-0.413608
-0.164175
-0.389444
-0.0763551
0.142741
0.189336
0.624578
0.602849
0.692432
0.382689
-0.579508
-0.309224
-0.109574
-0.394925
-0.63691
-0.195281
0.450831
-0.0474386
0.0193131
0.317141
0.0660373
0.392712
0.154993
-0.272533
0.308506
-0.0953821
-0.0188358
-0.316004
-0.00182787
0.358636
0.17793
-0.0988224
-0.396431
-0.302225
-0.433544
-0.185809
0.025925
0.0760491
0.639015
-0.133444
0.136357
0.0819868
-0.10693
-0.187518
0.163596
-0.164894
0.0376161
-0.0341829
0.438617
0.27048
-0.0102595
0.296452
-0.381434
-0.0137929
-0.210114
0.170876
-0.30549
-0.318983
-0.171905
0.0737
0.0872603
0.317835
-0.251922
-0.0223725
-0.279569
-0.512693
0.205401
-0.18288
-0.208775
-0.104774
0.0182145
0.269806
-0.230635
0.0277327
0.0343052
0.0741201
0.591025
-0.162138
0.0674495
0.205236
0.0660271
0.111872
-0.287394
0.194942
0.431824
-0.149353
-0.116562
-0.099765
-0.133283
-0.224524
0.0302739
-0.271106
-0.0640953
0.255511
-0.257746
-0.119187
-0.314495
-0.0100755
0.137725
0.0766124
-0.035796
0.0480714
0.423954
-0.229415
-0.190215
0.0168502
0.235343
0.0916837
-0.281852
-0.283248
-0.456431
0.0645231
0.277912
0.347992
0.531108
0.355312
0.216895
-0.141867
-0.207393
0.232242
-0.117866
-0.0879732
-0.304713
-0.105973
0.0237054
0.124624
0.318817
0.430041
0.199292
0.436497
0.350573
-0.194373
-0.0727325
-0.188356
-0.11308
-0.0271126
0.191505
0.469469
0.71837
-0.359935
-0.167711
0.0923752
0.0474156
0.0526076
-0.254686
0.206814
-0.233711
0.00323594
-0.199744
-0.0210673
0.664106
0.670679
-0.420234
-0.475443
-0.0681623
0.0243214
0.077967
-0.0493698
-0.0700881
-0.0167696
0.0602585
-0.186995
0.208876
0.408684
-0.133944
-0.462957
-0.407787
0.110592
-0.266444
-0.572126
-0.674761
-0.361414
0.0220682
-0.321975
0.115237
0.0949852
0.00275609
-0.296027
-0.605949
-0.109894
0.439476
0.235307
-0.29999
-0.543983
-0.190854
0.338821
0.00406529
0.155514
0.472786
0.488833
-0.0918585
-0.386286
0.0331475
0.678546
0.1988
-0.00893765
0.231696
0.261427
-0.00126659
0.0433703
0.286572
0.0528324
0.265779
-0.322917
-0.00666964
0.144952
0.339944
0.2936
0.00995766
0.634771
0.685627
-0.00831663
0.480915
-0.222144
0.289227
0.716204
0.261818
-0.189218
-0.624509
-0.216333
0.266732
-0.194745
-0.310463
0.164096
-0.322463
0.106016
-0.560499
0.123478
0.090546
0.191781
0.0127195
-0.219047
-0.149086
-0.0945582
0.0763584
-0.262358
-0.0296206
-0.0650359
0.0650263
-0.214152
-0.144007
0.0548785
0.298777
-0.0389958
-0.477695
-0.0913592
-0.371907
-0.133619
0.207452
0.0468142
0.0312417
0.0837034
0.003431
0.0058909
0.249812
0.350413
0.17335
-0.062297
0.0817829
0.362831
-0.158388
0.106197
0.25363
0.17736
-0.118765
-0.228951
-0.504014
-0.311865
-0.0763313
0.343
0.344099
0.395023
0.20715
-0.134041
0.315227
0.21008
0.262198
-0.12919
0.105502
0.302144
0.26381
0.403098
0.188038
0.573331
0.380124
0.070037
0.21875
-0.0168821
0.108148
-0.0562163
-0.343941
0.038366
0.196121
-0.0306264
-0.0841043
0.274151
0.474409
0.240215
0.163888
0.257386
0.173436
0.0804232
0.0796477
-0.394728
0.389808
0.331172
0.0861883
-0.0316759
0.176456
0.528703
0.773991
0.0211336
0.459117
0.459555
0.324906
-0.0602395
-0.299867
-0.0139228
0.00588361
0.176048
0.325413
0.310504
0.658173
0.431322
0.0138506
0.367439
0.474622
-0.0145108
-0.486032
-0.498411
-0.00170628
-0.0612784
-0.738757
-0.500902
0.075004
0.0867217
-0.0565392
0.167035
-0.188599
0.130929
-0.106674
-0.432307
-0.393853
-0.223702
-0.642278
-0.28273
-0.505053
-0.281841
-0.119768
0.141141
0.163348
0.0449661
-0.122536
0.317948
0.105608
-0.304493
-0.55159
-0.639409
-0.0689442
-0.351545
-0.421843
0.27847
0.366898
0.213023
0.367555
-0.275972
-0.204816
-0.362098
0.111673
-0.103574
-0.249815
0.00384147
-0.256624
-0.398109
0.0339603
0.0807143
0.376285
0.279669
0.0203791
-0.624902
-0.597924
0.107422
-0.186441
-0.421671
0.0825642
-0.196866
0.341385
-0.0306511
-0.167016
0.0808277
0.350401
0.00444932
-0.364401
-0.355399
0.0979285
-0.286445
-0.232534
0.0449466
0.0802672
0.229715
-0.3184
-0.319283
0.036459
0.253318
0.0684853
0.0172788
0.144554
0.113883
-0.0650286
0.0321681
0.125091
0.749824
0.789002
0.467096
0.159435
0.108874
-0.0124848
0.135568
-0.165345
0.155574
-0.147314
-0.218392
-0.20528
0.259346
0.234515
0.422417
0.0359813
-0.0733121
0.175011
0.34304
-0.430604
-0.169419
-0.171297
-0.329231
0.175101
-0.101336
0.056782
0.233676
0.0273957
0.153562
0.25605
-0.129825
0.0307439
-0.153281
-0.252081
-0.16026
-0.232516
0.0245091
0.218811
0.145709
0.100394
0.180693
0.079371
0.241449
0.0553535
0.0137925
0.0637428
0.0612073
0.12817
0.080892
0.139698
0.0060301
-0.0256646
-0.010685
-0.148172
-0.0939997
-0.193933
-0.155951
-0.0190929
-0.230713
-0.152447
0.102574
0.145462
0.0404089
-0.00338013
-0.168099
0.0280156
-0.13424
-0.506248
-0.661012
0.0254329
0.330191
0.396949
0.211328
-0.0418055
-0.0373115
-0.127405
0.212302
0.0951163
0.0976033
-0.545651
-0.986502
-1.05283
-0.132776
0.0882363
0.0788393
0.181324
-0.202323
-0.617425
-0.381549
0.187861
0.408314
-0.132548
-0.471642
-0.581933
-1.01147
-0.299342
0.64795
0.526169
0.360729
-0.111041
-0.574324
-0.422783
0.54909
0.49311
0.210492
-0.181713
-0.693474
-0.881685
-0.348879
0.309291
0.691879
1.36272
0.816421
-0.321196
-0.150452
0.170063
0.618264
0.198958
-0.143691
-0.191577
-0.655028
0.0330766
0.415381
0.18122
0.585708
0.341733
-0.0555799
-0.0504875
0.479706
0.462559
0.285056
-0.377915
-0.295573
-0.197513
0.212638
0.447196
0.0826639
0.266719
0.568096
0.217927
0.0991826
0.567533
0.296068
-0.322549
-0.646638
0.0704501
-0.13434
-0.473324
0.0917194
0.366342
0.0849076
-0.137873
0.26581
0.0598222
0.358582
0.293616
0.0682703
0.1149
-0.158863
-0.131943
0.0918106
-0.335338
0.231012
0.00496991
-0.253646
-0.343075
-0.0713551
-0.145396
0.22092
-0.0341657
0.0904536
0.234049
0.0456842
-0.057631
-0.0600426
-0.0418408
0.067491
-0.000502314
-0.161102
-0.476835
0.0487168
-0.129682
0.0351999
-0.115291
0.131696
0.15675
-0.534247
-0.461248
-0.0391928
0.131331
-0.147252
0.167846
-0.0226804
-0.175426
-0.109661
-0.0935424
-0.270918
-0.275899
-0.178911
-0.23109
-0.316933
-0.0235833
-0.0442528
-0.46638
-0.201394
-0.170379
-0.59293
-0.0456874
0.000922122
0.4571
-0.389799
-0.163527
-0.262048
0.141959
0.123181
0.418199
0.12308
0.152852
0.0965134
-0.00762286
0.02675
-0.0314049
0.164482
-0.153276
-0.422307
-0.344631
0.343544
0.0771975
0.45168
0.0103349
0.102388
-0.0403796
0.0473517
0.10084
0.300383
0.165236
-0.48536
-0.275907
-0.592394
-0.19547
-0.26298
0.0512114
0.241612
-0.318326
-0.389644
-0.241931
0.096164
0.187036
0.0582552
0.177236
-0.618315
-0.127257
0.329706
0.121602
0.231934
0.148685
0.166094
-0.245194
-0.175822
0.702374
-0.152766
-0.562392
-0.209224
-0.324802
-0.533286
-0.142467
0.10466
0.0279085
-0.262518
0.118584
0.137168
-0.0759774
0.0858898
-0.349098
-0.315733
-0.20186
0.187174
-0.208791
0.25711
0.419327
-0.337317
-0.187168
-0.0164326
0.128514
-0.0853933
0.308199
0.406134
0.432329
-0.0644316
0.0269245
0.011569
-0.229451
0.0679389
-0.254198
0.0705722
0.451974
0.194264
0.101647
0.329766
-0.0702774
-0.140042
0.247513
0.334578
0.342743
-0.623216
-0.229126
-0.31627
-0.172081
-0.179027
0.0525522
0.0975859
-0.0426239
-0.163207
-0.14004
0.504122
0.0950675
0.350595
0.0297456
-0.329498
-0.599073
-0.670444
-0.418534
-0.282342
0.152474
-0.283459
-0.649555
-0.142186
0.0497789
-0.0119339
0.482673
0.358579
-0.272854
0.0339605
-0.390729
-0.338486
0.0211958
-0.109366
-0.00372915
0.076477
-0.0378999
0.356361
-0.408661
0.365726
0.57658
0.163395
0.373275
0.239611
-0.0924958
-0.0838425
0.0157215
0.131899
-0.0289283
-0.393371
-0.444444
-0.292157
-0.077846
0.205135
0.302579
0.699723
0.265474
0.0135426
0.104086
-0.0993116
0.00403986
0.00681249
-0.352315
-0.00269367
-0.0551161
-0.325145
0.0881224
0.0516764
0.0586231
0.432721
0.328823
0.104047
0.25577
-0.422057
-0.056251
-0.0139873
-0.232669
-0.277517
-0.409634
0.0403781
0.137867
-0.0155327
0.258245
0.347178
0.232327
-0.181515
-0.0107707
-0.28806
-0.277046
-0.035717
-0.196013
0.0926043
0.150845
0.326792
0.355681
0.3324
0.216681
0.25858
-0.0676847
-0.285731
-0.118523
0.21779
-0.166247
-0.0653186
0.266057
0.336186
0.32305
0.147903
0.0838422
-0.585569
-0.101787
-0.445041
-0.406848
-0.27907
-0.264383
-0.044446
0.155399
-0.548288
-0.228819
0.227479
0.083895
-0.258886
-0.751155
-0.169723
-0.285089
-0.552287
-0.361735
0.0117805
0.0231172
0.416484
0.572524
0.563819
0.561072
0.448119
-0.26867
-0.509475
-0.257479
0.39762
0.22455
-0.21932
0.0394102
0.56785
0.358193
0.60643
0.000946453
0.121665
0.118175
0.295353
-0.556477
-0.38128
0.081513
-0.125811
-0.199018
-0.0397967
-0.143149
-0.229044
-0.301488
-0.674387
-0.266591
0.0516273
0.276039
-0.264121
-0.369479
-0.321617
-0.185602
-0.121756
-0.122156
-0.157475
-0.4919
-0.0464204
-0.535117
-0.193812
0.385995
0.00922185
-0.455138
0.163216
0.247263
0.282131
-0.182243
0.0512261
-0.0188426
-0.413087
-0.0740155
-0.387701
-0.300075
-0.0131115
0.383081
-0.110973
0.188713
0.329613
0.249611
0.0377257
0.088757
-0.180534
-0.153086
0.0469555
-0.164378
-0.104472
-0.346106
0.101356
0.0363697
-0.445674
0.0835345
0.0512284
-0.0490747
-0.0325903
0.0926825
-0.249615
0.0678912
0.346365
0.421318
-0.343459
-0.0107373
0.0639683
-0.0614567
0.242864
0.0512142
0.471699
0.182329
0.0441687
-0.114935
-0.0522369
0.383547
0.445412
0.146367
-0.27605
-0.045661
-0.301023
0.100896
-0.121575
0.324627
0.152711
0.303126
0.112501
0.0785125
0.0463329
-0.00729311
-0.310546
-0.237341
-0.165352
0.130817
0.0769847
0.210046
-1.72459
1.25289
1.53726
-2.06113
-2.14924
-2.23179
-2.09643
-2.09991
-2.18261
1.27419
-2.53143
1.40272
-1.99636
1.54007
-1.8879
-2.28883
-2.27549
-2.78815
1.24984
1.37484
1.39968
-2.23671
-1.82078
-2.2696
1.37913
1.52564
1.44139
-2.19995
1.36027
1.39277
1.57115
1.31878
-2.51508
-2.28155
-2.28332
-2.13574
-2.28628
-1.89329
-2.29727
1.27423
-2.08213
1.67429
1.67096
-2.55544
-2.1609
-2.07131
