3
169 45 1 sigmoid
cross-entropy

0.202551
-0.236263
-0.0830405
0.0136067
-0.150186
0.0479421
0.11689
0.206962
-0.0125992
-0.0170814
0.123677
0.0589187
0.127224
0.0124323
-0.2648
-0.112841
0.0755737
-0.17977
-0.0812094
0.179649
0.292173
0.13459
0.0659514
-0.0547971
-0.120392
0.155915
-0.285555
-0.390654
-0.19164
-0.129986
-0.0484465
0.147
0.0854396
0.298676
0.0101981
-0.1067
-0.151494
0.037264
-0.0310459
0.0364182
-0.472797
-0.533326
-0.0622209
0.13882
0.225148
0.134855
0.021142
-0.0831163
-0.121378
-0.0831011
-0.0826188
-0.0305511
0.214635
-0.398031
-0.223324
-0.0628392
0.0221185
0.238183
0.326348
-0.0990397
-0.284378
-0.134199
0.00712621
0.233488
-0.0280627
0.36048
-0.431514
-0.113425
-0.0489026
0.177667
0.200771
0.0116085
-0.210864
-0.105247
-0.253287
-0.0778053
0.0066704
-0.092753
0.23627
-0.261965
-0.00210001
-0.0686963
-0.238339
-0.291201
-0.242481
-0.0473716
-0.284573
0.119053
0.134306
0.0164852
-0.0826826
0.103629
0.00806348
0.0202505
0.0599028
0.0443898
-0.177383
-0.0870138
0.000310337
-0.0274281
0.021214
-0.104487
-0.0887925
-0.0129754
0.11647
-0.190152
0.111304
0.207963
0.229172
0.0252477
0.10237
-0.224753
-0.0626734
-0.0327677
-0.204624
0.0638037
-0.155787
-0.117602
0.121369
0.0787971
-0.00616936
0.239777
-0.0118236
-0.231301
0.0306289
-0.145343
-0.238055
-0.278984
0.0566438
0.0807066
0.101068
-0.120386
-0.183478
0.0846108
0.0234689
0.0532387
0.030656
0.0355814
-0.0276421
-0.194519
-0.0663251
-0.0767699
0.0372394
-0.115979
-0.028419
0.213898
0.0468499
0.0984644
-0.0531332
0.122446
0.20278
0.151261
0.088031
0.133878
0.0734156
-0.258453
-0.205883
0.150489
0.187462
0.26888
-0.0855799
-0.305652
-0.0597435
-0.0850806
0.146762
0.13822
0.272952
0.049295
-0.21268
-0.108312
-0.0242633
-0.184408
-0.122273
-0.241082
0.069522
0.0492192
0.0529396
0.120224
-0.166289
-0.0587326
0.127838
0.00108576
0.189296
0.196939
-0.089824
-0.171341
-0.0782661
0.0183477
0.0882512
-0.103588
0.155773
0.0500622
0.212768
0.263095
0.0970659
-0.0926154
0.100726
-0.188828
-0.216911
0.205459
0.227084
0.185814
0.20299
0.175949
0.0766772
-0.142813
0.179763
-0.0975979
-0.25238
0.0237512
-0.138697
-0.00124531
0.226134
-0.0633693
0.16398
-0.0805307
0.0524743
0.247897
0.151764
-0.0709749
-0.155038
0.0572103
0.0393921
-0.183367
-0.16654
-0.0962504
-0.101223
-0.192496
0.207512
-0.0642689
0.089968
-0.0397001
-0.266953
0.1436
-0.117933
0.0811148
0.0405697
-0.0729418
0.0818555
0.137281
0.0476871
-0.0278424
0.148607
0.103244
0.0417554
-0.000592705
0.129019
0.119934
-0.00192399
-0.0690972
-0.125416
0.137421
-0.116148
0.104702
-0.127993
-0.0905328
0.0965987
0.00657345
-0.201868
-0.100598
0.201438
0.260495
0.255074
0.254904
0.0328483
-0.105372
-0.0189405
0.0301461
0.209576
0.259566
-0.000265063
-0.0557722
0.0840238
0.0108604
0.111391
0.186448
-0.0512784
0.0945838
-0.192966
-0.137749
0.0344893
-0.0643954
0.0538873
0.0507361
0.00442155
0.000532369
0.194282
0.00866894
-0.0160703
0.0311314
-0.0881509
0.193543
-0.0149485
0.147157
-0.144774
-0.106931
0.220173
-0.153575
-0.120001
-0.210341
-0.197295
-0.162541
0.0969041
-0.0417944
0.243869
0.0445447
0.0734477
0.149192
0.0823384
-0.0188773
-0.12569
-0.0347358
-0.0334743
-0.0180744
0.0252484
-0.0543954
0.136563
0.108634
-0.0127939
-0.0166745
0.137714
-0.14771
0.170008
-0.221947
-0.156991
0.0918987
-0.180262
-0.054055
0.166066
-0.0995298
0.0423015
0.134286
0.148759
0.0395643
0.170667
0.0898589
-0.0626389
-0.138123
-0.0913673
0.0218508
0.559323
-0.299123
-0.147113
-0.23461
-0.171751
-0.13008
-0.0105855
-0.0837208
-0.0766303
0.078674
-0.000345297
0.15908
-0.0951617
-0.0993646
-0.0586397
-0.0421803
-0.26401
0.0244725
-0.106285
-0.096534
0.0985893
-0.194645
0.0436723
-0.101315
0.0205632
0.205496
-0.125887
-0.189353
-0.00940465
-0.382728
-0.269474
-0.167979
0.0309385
-0.0201621
0.0517768
0.025076
-0.00259639
-0.0543958
0.224359
-0.0615295
-0.0614752
-0.166196
-0.505531
-0.561331
-0.207636
-0.135803
-0.138264
-0.0105065
0.0187683
0.105801
0.208137
0.260349
0.0779
-0.087951
-0.403432
-0.502675
-0.413825
-0.31476
-0.12874
0.223965
0.026545
0.0781209
-0.139144
0.0216354
0.150161
-0.0881593
-0.219337
-0.302266
-0.0420341
-0.0249073
-0.166712
-0.105356
0.0292516
-0.09678
0.0222273
-0.236329
0.0846293
-0.0705131
0.161379
-0.0648541
-0.380361
-0.203697
-0.142693
0.00920721
0.0501131
-0.297403
0.00476026
-0.182981
-0.1892
0.0668266
-0.11652
0.104239
-0.120011
-0.131588
0.16647
-0.184274
-0.109072
-0.231022
-0.142939
-0.0879188
-0.00819489
-0.049272
-0.108896
-0.0784521
0.00729569
0.140854
0.155711
-0.272305
0.128028
0.0295726
0.061067
0.237086
0.121322
-0.0250378
0.0373066
-0.274289
0.156261
-0.0271316
-0.21255
-0.0818031
0.216978
-0.088229
0.133685
0.159299
0.165174
0.0630304
0.235609
0.0978617
-0.106872
0.0775175
0.12466
0.0724755
-0.0250767
-0.132495
0.122574
0.189695
0.0959313
-0.120773
-0.0737085
0.406994
0.0964877
-0.0625124
0.0663313
0.287791
0.158518
-0.119669
0.0779643
0.0849333
0.21705
0.0599038
-0.00698965
0.22917
0.113691
0.0848593
0.266162
0.331001
0.276626
0.146849
0.19233
0.119948
0.189134
0.150995
0.025765
-0.0409496
0.244724
0.322486
0.17946
0.0035817
0.0629512
0.214894
0.450155
-0.289634
-0.00828351
-0.219014
0.0891363
0.0157609
0.0131064
0.180649
-0.0725265
0.0809398
0.295619
0.262478
0.386365
0.173131
-0.0254585
0.143295
0.0534469
-0.0266794
-0.139238
0.0489336
-0.0234363
0.110586
0.404147
0.113125
0.259442
0.131111
0.361248
-0.0515544
-0.134472
0.0084779
0.0444919
-0.0723806
-0.0447281
-0.0768141
0.169709
0.168931
0.139228
0.056531
0.431632
0.241702
-0.214071
0.0178089
0.166029
0.0274164
-0.176646
-0.148127
-0.123442
0.0648216
0.133571
0.0996891
-0.0255489
0.0987221
0.292426
-0.0478904
-0.0998037
0.0318697
-0.211325
-0.165765
0.0115617
-0.0835937
0.178249
-0.162611
0.00686643
0.125491
-0.0112687
-0.178563
0.0835331
-0.232446
-0.220233
-0.0474728
-0.0339026
-0.118736
-0.0864694
0.205424
0.182686
-0.0230771
-0.121367
0.00729414
-0.176131
-0.0997116
-0.215774
-0.345021
-0.25442
0.0472277
0.149653
0.332658
0.257361
0.165371
-0.0738724
0.135401
0.100669
-0.000841905
-0.188998
-0.0624441
-0.00370209
0.0837503
0.0505913
0.0675747
0.0575925
0.356057
0.088499
-0.165638
0.261837
-0.0819869
0.090662
-0.185455
-0.126496
-0.360263
-0.104136
-0.0197996
-0.0163107
-0.226649
0.0963383
0.235017
0.300333
0.263378
0.221804
-0.110551
-0.0928421
-0.428067
-0.309399
-0.13886
-0.0789905
-0.085293
-0.278677
-0.114273
-0.0887528
0.339014
-0.0500643
0.0844936
0.168554
-0.454763
-0.324495
-0.512994
-0.184892
0.0753331
0.0534034
0.16946
0.08634
0.0332307
0.0731592
-0.00725327
0.0415148
-0.142389
-0.107361
-0.109616
-0.377124
-0.438468
-0.149151
-0.0337528
-0.205643
0.033694
0.0264683
-0.151547
-0.135645
0.0292277
0.0486976
-0.108401
-0.352004
-0.313448
-0.320643
-0.303825
-0.344763
-0.379943
-0.0487916
-0.194048
-0.166999
-0.0621401
0.244109
-0.0569039
-0.383735
-0.241206
-0.0542943
-0.0555938
0.230583
0.263187
0.101661
-0.0436391
0.0756461
0.240222
0.0952437
-0.115662
-0.0780211
0.117879
0.00532629
-0.149318
-0.0581903
0.198081
0.242517
0.0265622
-0.0398705
0.188653
-0.0567044
0.229478
0.172845
0.113831
-0.180822
-0.156176
-0.270009
-0.215941
0.172454
0.0211164
0.0248029
-0.131745
0.0208222
0.285924
0.0757653
0.0825257
-0.163332
-0.0373063
-0.28931
0.123925
0.111334
0.159995
0.29273
0.159971
0.0448648
0.122843
0.278017
0.152328
0.127557
0.0998441
0.0955207
-0.29536
-0.189496
-0.0667567
0.0595583
-0.0131232
0.0647191
-0.0856606
-0.02767
0.0152605
-0.071539
-0.108799
0.158049
0.0130963
-0.287997
-0.159302
-0.251771
-0.170341
0.226255
0.0809327
0.248379
0.201832
0.0237206
-0.149056
0.271549
-0.108864
0.12113
0.00150566
0.0284244
-0.00549938
0.139334
0.338695
0.181756
-0.071405
0.214716
-0.0657875
-0.233984
0.185587
0.130132
-0.192805
-0.22567
-0.0586062
0.114059
-0.157772
-0.100601
0.122638
0.124105
0.218839
-0.298466
-0.222899
-0.1874
-0.0927867
-0.144773
-0.236081
-0.179415
0.228727
-0.138026
-0.0549764
0.209395
-0.0965668
0.00284214
-0.05556
-0.263357
-0.325306
-0.144667
-0.18914
-0.193478
-0.0844108
0.16523
-0.0751215
-0.0565373
0.314435
-0.00882856
0.074564
-0.163821
0.169299
-0.0626017
0.0993686
-0.231265
-0.165036
-0.13286
0.330356
0.0426387
0.309746
0.379093
0.282462
0.29561
0.159024
-0.0748035
-0.122273
-0.0604575
0.20488
0.0384271
0.0518222
0.22508
-0.0894152
-0.00368681
0.189991
0.299645
0.301111
0.0625951
0.117758
0.0624714
0.00619625
-0.0460879
-0.142708
0.288687
0.0169994
0.197618
0.293217
0.201864
0.017146
0.0589724
0.176864
-0.0865477
-0.027894
0.0474129
-0.0147172
0.316896
-0.0214004
0.110772
0.143696
0.194712
-0.0668953
0.0416492
0.00787823
0.114981
0.160678
0.238783
0.0819122
0.203724
0.0885012
-0.00540705
-0.166193
-0.216699
-0.0382955
0.243332
-0.0578631
0.0192752
-0.0841741
-0.0657142
0.049201
0.224236
0.165254
-0.0500181
-0.234021
0.0833037
-0.155587
0.136277
-0.217878
-0.166225
-0.236457
-0.259506
-0.0580162
0.227338
0.193283
-0.0106715
0.0202075
0.163919
0.0882587
0.180531
0.0579854
-0.0672363
-0.025191
-0.285461
-0.350524
-0.112305
-0.209539
-0.0374244
0.123601
0.0132254
0.0247824
0.114179
0.140121
0.00699668
-0.0233597
-0.000513124
-0.252793
-0.42721
-0.53848
-0.101445
-0.0541756
-0.0439902
-0.137521
-0.0223723
0.169226
-0.0899423
0.164832
-0.214468
0.0134621
-0.165965
-0.727168
-0.447212
-0.165071
0.016127
-0.261596
-0.0978816
-0.114561
0.143068
0.00798674
0.0891489
-0.254664
-0.035278
-0.471831
-0.360649
-0.383274
0.148271
0.317036
-0.196427
-0.00219326
-0.126546
0.10453
0.179889
0.307967
0.112661
-0.169916
-0.453018
-0.213956
0.0841679
-0.0279156
0.0871601
0.000276651
-0.00768894
-0.0258097
0.254251
0.203706
0.120494
0.232
0.14274
-0.150317
-0.129205
0.0254489
0.0172785
-0.0150044
-0.0580873
0.163458
0.166941
0.178832
0.234377
0.20268
-0.00658049
0.0996339
-0.163974
-0.178497
-0.0110053
0.015613
0.26976
-0.0202773
0.0259729
0.02503
-0.0334139
0.159252
0.0879149
-0.0636373
-0.103542
-0.00605193
-0.219221
0.0866285
-0.096864
0.213581
0.412869
0.26664
0.0810384
-0.243861
-0.104682
-0.240614
-0.147595
0.0166071
-0.110032
0.0163196
-0.0490849
-0.0872873
-0.0260007
0.28753
-0.00445448
-0.114939
-0.0959133
-0.104917
0.0354221
-0.0358014
-0.0765916
0.191573
0.149127
0.215057
-0.180498
0.000202505
-0.121765
0.102888
0.222465
-0.124296
0.129458
-0.259079
-0.234364
-0.11365
-0.00930475
0.0296984
-0.150587
-0.158734
0.0217143
0.160539
-0.0414983
0.0282444
0.0265572
-0.16914
-0.0334759
-0.257012
-0.360438
-0.232351
0.0255919
-0.0392204
-0.131913
-0.100153
0.0427071
-0.0205619
-0.108245
-0.10197
0.0351198
-0.185283
-0.152359
0.00626872
-0.166565
0.0720265
0.141449
0.0376639
-0.107566
0.0566721
-0.0955119
0.0715958
0.128059
0.248216
0.165303
-0.0400226
-0.0594902
-0.182249
0.264015
0.262247
0.273081
0.336569
-0.00429058
0.11824
-0.18129
0.162159
-0.0353166
0.00770638
-0.159332
-0.101479
0.10583
-0.213735
-0.0881603
0.123211
0.00437479
0.246941
-0.0790351
-0.189735
0.161755
-0.0220664
-0.113795
0.0514583
0.180474
0.106391
0.22955
0.252933
-0.00502453
0.18305
-0.0670466
0.0916996
-0.253566
-0.234754
-0.0250063
0.0421061
0.0366087
-0.180569
-0.211673
-0.0323733
-0.0592863
-0.0601111
-0.150211
-0.137817
-0.047765
-0.149882
0.0493442
-0.0828715
-0.29295
-0.00973746
0.193956
0.107901
0.157196
0.154837
0.224513
0.0243308
-0.166026
-0.37119
-0.288624
-0.242689
-0.146042
0.197114
-0.0992891
0.0286013
0.0671155
0.143397
-0.0920685
-0.0148077
-0.182362
-0.24572
-0.103389
-0.369651
-0.0404595
0.082251
-0.205099
-0.0738501
0.294456
-0.178368
-0.0533873
-0.272254
0.083382
-0.0266341
0.171877
0.0716875
-0.250085
-0.128435
0.114225
-0.0358403
-0.155221
-0.0699867
0.186536
0.213712
0.115961
0.10708
0.212542
0.034733
-0.129322
-0.0455268
0.161499
-0.138951
0.0600374
-0.135249
-0.0586288
0.0756537
-0.141453
-0.148598
-0.251541
0.0396012
-0.103291
0.157656
0.162915
0.212684
0.00268328
-0.0341096
0.217574
-0.27601
-0.138941
0.0159241
-0.180643
-0.177924
-0.162119
-0.154867
-0.112106
0.259863
-0.147161
-0.151167
0.173865
0.223598
0.21982
0.0212584
0.161978
0.380468
0.388298
0.374858
0.120648
0.139904
0.0732725
-0.00841484
-0.163449
0.0186226
0.196755
-0.0807986
-0.057475
0.297741
0.340464
0.284306
-0.0144339
0.218708
0.180084
0.0715974
0.0560494
0.0233546
0.133084
-0.168676
0.163171
0.162973
0.295563
0.203421
0.0359327
-0.104113
0.017717
-0.0603722
0.139675
-0.168072
-0.120472
0.0232467
-0.0438271
0.176456
0.267652
0.241478
0.236208
-0.182391
-0.0724097
-0.136569
-0.130605
-0.00126648
-0.0891131
0.0964854
0.21832
0.0730312
-0.110571
-0.0607935
0.268102
-0.145502
-0.11964
0.273602
0.145174
0.163567
0.0458882
0.15765
0.130671
-0.19576
0.117733
0.0991999
-0.0261278
0.170159
0.0108087
-0.236992
-0.209753
-0.163954
0.203683
-0.176156
-0.120683
-0.0699114
0.0657119
-0.0936676
0.00328418
0.289165
-0.065266
0.0282702
0.0518967
0.142397
-0.0830568
-0.12456
-0.0909719
-0.166505
-0.291231
-0.267529
-0.0518682
0.158082
0.288472
0.214504
-0.197886
-0.140481
0.00377979
-0.040158
-0.0261021
-0.0956406
-0.0341623
0.00316654
0.0829322
-0.0620162
-0.0602041
-0.00830812
-0.162371
-0.0214603
0.162546
-0.104878
-0.00626622
-0.190558
-0.162156
-0.0117107
-0.230765
-0.148212
0.233096
-0.170283
-0.233029
0.17995
0.259656
0.161015
-0.131482
0.0598258
0.0783107
-0.0125758
0.218604
-0.124596
-0.0447233
-0.272467
0.016007
-0.00977243
0.267021
0.320759
0.0280619
-0.0684578
-0.0668924
-0.0753211
0.0249725
-0.101205
0.0300306
-0.199822
-0.103002
-0.0957567
-0.189921
0.22369
0.228009
0.223295
0.175796
-0.20068
0.104527
0.178332
0.161595
-0.0243708
0.0283228
-0.0207395
-0.0986294
0.0134698
-0.226659
-0.12527
-0.191314
-0.200915
-0.193446
-0.0567448
-0.26347
-0.140551
-0.182817
0.0695395
-0.00846395
0.16759
-0.0953778
0.0497563
-0.00568755
-0.0232323
0.017786
-0.281213
-0.0447218
0.0890974
0.217876
0.0933484
-0.111583
-0.0610702
0.0187464
-0.135326
0.0241177
-0.113805
0.0747055
0.0484878
-0.00923135
0.097696
0.181596
0.305411
-0.0865255
0.12171
-0.0700687
0.0498071
0.00175324
0.060905
0.0696404
0.0973657
0.32696
0.147571
0.367083
0.472188
-0.000331775
-0.116955
0.0647873
0.0572414
0.0679852
0.194725
0.268538
0.143254
0.111733
0.391505
0.207071
0.317442
0.143303
0.107865
0.0159818
0.00574737
0.0438569
-0.137718
0.172442
0.303112
0.04123
0.0147193
0.219335
0.145863
0.309567
0.226515
0.110062
-0.254032
0.0567916
0.155446
0.0369637
0.3346
0.163134
0.0560033
0.287947
0.0179597
0.196829
-0.10388
-0.123285
0.0401728
-0.184989
-0.226526
0.0465165
-0.131859
-0.0114687
-0.170261
0.0603142
0.318537
-0.0527754
0.10121
-0.0303535
-0.202173
0.089589
0.0146756
0.0067586
0.0986031
-0.138677
-0.0364443
-0.0968885
-0.0170889
0.156178
0.0306208
-0.427727
-0.332644
-0.350599
0.126583
0.113438
0.130377
0.140808
-0.163093
-0.0922345
-0.0150764
-0.245811
0.0363876
-0.0918464
-0.398069
-0.28567
-0.162778
-0.213065
0.0231029
-0.00543677
-0.0259519
0.22023
0.121238
-0.0340659
0.0984018
0.0822212
-0.238341
-0.300365
-0.339934
-0.305136
0.0387361
0.203351
0.027657
0.149625
0.0407485
0.27513
0.142513
-0.0773662
-0.0413639
-0.0436918
-0.345649
-0.10224
-0.240628
0.00588192
0.081375
-0.22255
-0.0475872
0.0439299
0.101177
-0.0489328
0.14478
-0.228871
-0.191692
0.0192303
-0.197481
-0.014512
0.138678
-0.214964
-0.0953249
0.00916028
-0.0838397
0.186074
-0.0552229
-0.184858
0.0873184
0.102824
0.0590416
-0.0159588
-0.0689939
0.197488
0.0935104
-0.215231
-0.0950845
0.126545
0.113728
-0.250171
-0.294882
-0.154115
-0.176872
0.213089
0.213351
0.20254
0.315416
0.267409
0.243846
0.0936513
0.020616
-0.292608
-0.279501
-0.199217
-0.241872
-0.0649046
0.13521
0.242214
-0.0408419
0.375577
0.0899909
0.287256
-0.0944269
-0.154378
-0.200357
-0.044075
-0.235274
0.182917
-0.00626663
0.154812
0.225805
0.216482
0.302981
0.10851
-0.0858681
0.00250759
-0.0112684
-0.0931167
-0.232891
0.136738
0.210136
-0.200732
-0.0691548
0.226673
0.0454543
-0.122895
0.12287
-0.133741
-0.137743
-0.18142
-0.16102
0.10683
0.0983437
0.169578
-0.0454791
0.146391
0.426913
0.00282952
0.122225
-0.0379791
-0.0366925
-0.108771
-0.177842
-0.29506
-0.0364556
0.15022
0.117366
-0.00877427
0.25735
0.386339
0.196134
-0.103597
0.0880795
-0.299364
0.11602
-0.153774
-0.14735
-0.0907785
0.133216
0.335544
0.401748
0.19685
0.0227252
0.190238
-0.125121
-0.233995
-0.318232
-0.20688
-0.0545086
0.189595
-0.0102668
0.255115
0.301794
0.177961
0.062182
-0.030269
0.0126386
-0.237401
-0.345431
-0.224564
-0.0615466
0.03809
0.074574
0.176863
0.195192
0.320043
0.114668
-0.100926
0.298942
0.203333
-0.174677
-0.144181
-0.311388
0.1363
0.0370911
0.256552
0.126479
0.0979147
-0.0217105
0.0995942
0.126662
0.288135
0.244913
-0.245183
-0.0788197
-0.260885
0.158895
-0.205431
-0.00134576
0.0410122
0.0655176
-0.0050528
-0.183095
-0.169946
0.0126616
0.154591
-0.0712518
-0.138654
-0.0980886
-0.161872
0.0537737
-0.192311
-0.0464724
-0.0289003
0.0201616
-0.110232
0.0258111
-0.198906
0.173098
0.032872
-0.174034
0.0732399
0.197556
0.0944826
0.182649
0.0381084
-0.00970792
-0.0112852
0.0835643
-0.249032
-0.0295904
-0.204073
-0.15199
0.124253
0.121845
0.208771
-0.219807
-0.226681
-0.253143
-0.0828505
-0.105458
0.0380114
0.304295
0.333905
0.145572
-0.0689036
-0.13438
0.0320914
-0.205962
0.20492
-0.253449
-0.140861
-0.212862
-0.0418752
-0.111127
0.158508
-0.0244318
0.183565
0.0947374
-0.0452455
-0.159184
-0.234916
-0.00569036
-0.149145
-0.185427
-0.229472
-0.31311
-0.378623
0.0577444
-0.26665
0.0393901
0.0669229
0.124477
-0.0106692
-0.230579
0.0898419
-0.0540305
-0.186409
-0.00303641
-0.0712566
-0.0598009
0.122843
0.234007
0.159155
-0.128714
0.073983
0.0522031
-0.252447
-0.00717857
0.0458824
-0.126571
-0.0418674
-0.0598727
-0.147109
-0.177828
0.0571947
0.190501
-0.0738755
0.0513656
0.00785067
0.117076
0.0958183
0.125669
0.275001
-0.0401927
0.119554
0.0339167
-0.138258
0.184807
0.00774982
-0.00674543
-0.199901
0.103217
0.0156074
-0.139093
0.131265
0.136234
0.00933441
-0.112782
0.335285
-0.0874735
0.197502
0.194824
-0.0258445
-0.0185822
-0.0840332
0.00500602
0.00409527
0.0348757
0.175851
-0.114502
0.177589
0.113713
0.102477
0.0463946
-0.0365088
-0.113469
-0.166803
0.104156
0.205344
-0.111332
-0.181381
0.225588
0.378901
0.192107
0.403838
0.056296
-0.0995356
-0.259254
-0.41562
-0.114025
0.489961
0.424866
-0.299754
-0.237656
-0.0631654
0.0537303
0.0987686
0.0977697
0.238915
-0.162806
-0.0607593
-0.10684
0.259974
0.300627
0.274455
-0.158343
-0.293022
-0.00502161
0.0462291
-0.114439
-0.328205
0.0533763
-0.161585
-0.138266
-0.272293
-0.125484
0.120142
-0.0643832
0.250363
-0.0239616
-0.222858
-0.226402
-0.197961
-0.352771
-0.0288418
-0.311904
-0.196348
-0.0056842
0.0275055
-0.136824
-0.0323902
0.0092966
0.237448
-0.147619
-0.161748
-0.31051
-0.133513
-0.171629
-0.11572
-0.207521
-0.200159
-0.0636725
-0.137857
0.112981
-0.259056
-0.129754
-0.250772
-0.159891
-0.229088
0.144478
-0.00303071
0.122957
-0.0928775
-0.0340465
0.0862564
0.0734021
0.00413005
0.104768
-0.110839
0.00566693
0.192902
-0.0189341
0.234408
0.166076
-0.168271
-0.260317
0.316122
0.0555035
0.0130098
0.297617
-0.0656661
-0.0701815
0.156263
-0.0215999
0.0581099
-0.14447
-0.195644
-0.182528
-0.099999
-0.0619906
-0.251608
0.0139549
-0.134962
0.0742488
-0.155926
-0.0842683
0.179177
0.092685
0.0788266
0.0752629
0.0553092
0.0466794
-0.0555555
0.0733196
-0.073426
0.203848
-0.0867803
0.312211
0.074367
0.230447
0.225422
0.024428
0.0292698
-0.003412
0.0999757
0.259846
0.028083
-0.0489385
0.0779301
0.171899
0.138146
-0.142115
-0.127784
-0.0624036
-0.161713
0.081643
0.051752
-0.0769988
0.155493
0.111317
-0.293465
-0.0688121
0.193686
0.016789
0.364199
0.105258
-0.199841
-0.0600862
0.0821274
0.206321
0.0575282
0.333137
0.365384
0.317968
-0.0797492
-0.0363608
0.337169
0.302719
0.219368
-0.181581
0.0715171
-0.00579688
0.124053
0.0516404
0.131539
-0.0221218
0.00323596
0.132868
-0.215949
0.266437
0.213241
0.174195
-0.154606
0.284498
0.242653
0.0750097
0.207878
-0.0724809
-0.0397892
-0.207194
0.174757
-0.0451224
0.0489084
-0.0519489
-0.107044
-0.242659
-0.132989
-0.0286536
0.153109
0.122071
-0.249622
0.0774952
-0.261738
-0.0737835
-0.265257
0.137625
0.0969691
-0.0581707
0.0698313
-0.0838075
0.238389
-0.165865
0.0573702
-0.135407
0.0811287
-0.153076
-0.0428793
0.117852
0.172078
-0.0827657
0.134618
-0.201097
-0.16457
-0.158319
-0.0105224
0.0921049
0.31216
0.209066
-0.110477
-0.0973469
-0.0796709
0.0868934
0.0771622
-0.230544
-0.262945
-0.232526
-0.233364
0.0684518
0.188195
0.229942
0.0527656
-0.0966863
-0.141694
0.105025
0.417536
-0.030788
-0.0501898
0.054631
0.18447
0.0163663
-0.0686569
-0.133451
0.113619
0.0963901
-0.00776591
-0.0885604
0.0704422
0.00533787
0.0343226
0.160931
0.157523
0.122636
0.0495541
0.313359
-0.0008325
-0.234907
0.102559
0.246474
0.139086
0.0869842
0.155705
0.146327
-0.105092
-0.134922
0.019031
0.0129552
0.0863709
0.182924
-0.0296724
-0.0359254
-0.0806804
-0.135905
0.0615296
-0.046263
-0.0242474
0.112772
-0.0165383
0.0888144
-0.0931876
0.0942797
-0.0442657
-0.0460432
0.0854996
0.0969488
0.174129
-0.0836983
0.144816
0.0556191
-0.0389027
0.162575
-0.25749
0.0157776
0.0910721
-0.160058
0.0937339
-0.107266
-0.29642
-0.308726
-0.0161875
-0.0652095
0.0815653
-0.00332828
0.196521
0.059503
0.0995955
-0.0285424
-0.155405
-0.224194
-0.0738429
-0.263531
-0.322555
-0.176037
-0.272676
-0.126398
-0.223616
-0.109242
0.0274098
0.0747406
0.0838471
-0.00252854
-0.028427
0.0367944
-0.0591834
-0.0244592
-0.238022
0.00106191
-0.293631
-0.0289521
0.106477
0.384823
0.305016
-0.0310527
0.0757811
-0.0694675
-0.426434
-0.0182925
-0.160523
-0.120434
-0.352705
-0.00105363
-0.123774
-0.0810887
0.257341
0.359002
0.336967
0.116417
-0.137373
-0.349612
-0.52526
-0.431811
-0.382534
-0.482578
-0.22637
0.0309275
-0.0419086
0.249877
0.240908
0.319013
-0.137163
-0.191464
-0.327282
-0.211982
-0.502994
-0.312631
-0.2707
-0.119339
-0.0103286
0.118736
0.35496
0.249726
0.282368
0.109824
-0.182737
-0.170104
-0.474646
-0.24163
-0.445773
-0.304254
-0.103483
-0.0890896
0.128169
0.563302
0.552053
0.213511
0.0170668
0.17664
0.00491467
-0.1038
-0.0235077
-0.309627
-0.212524
0.0297538
0.203969
-0.0867636
0.214069
0.352893
0.28095
0.169445
-0.0116874
0.0245459
-0.262713
-0.185409
-0.207112
-0.0765898
0.342527
-0.0928729
0.182317
0.025559
0.101883
-0.0826259
-0.219522
-0.373426
-0.25355
0.00668917
-0.134189
0.083416
-0.0975272
0.276102
0.0913701
0.118187
-0.028725
0.227001
-0.0624447
-0.104468
-0.17886
-0.0770996
-0.376994
-0.0684917
0.111204
0.306303
0.235216
0.167973
-0.0688224
-0.00372867
-0.110227
0.186347
-0.00248804
-0.336064
-0.260554
-0.231309
-0.075018
0.0796649
0.12836
0.137983
-0.223283
-0.0757952
0.0433621
0.111995
0.198584
-0.133636
-0.341377
-0.270869
0.00190107
0.145804
0.306485
-0.152942
0.121588
0.0117687
-0.00446384
-0.0178784
0.213812
-0.0287914
-0.257284
-0.109449
-0.128938
0.0628198
0.130873
0.0386631
0.159327
0.477181
-0.0159373
-0.0744346
0.191797
0.0071758
0.185555
-0.141932
-0.0727589
-0.263392
-0.186654
0.274052
0.3375
0.322728
0.446877
-0.0235097
-0.0138336
0.266127
-0.097116
-0.257783
-0.291562
-0.142684
-0.103601
0.0148975
0.191919
0.0245227
0.152338
0.229173
0.109773
0.103533
0.222869
-0.0640603
0.218075
-0.0843215
-0.0880732
-0.133612
-0.352016
-0.0162001
0.148001
0.0558824
0.326893
0.142288
0.0760311
0.416791
0.114963
0.088995
0.0945485
-0.20286
-0.162724
-0.252491
-0.105495
-0.122984
0.0417264
0.101706
0.0172432
0.112602
0.0175723
-0.0501035
0.189596
-0.238899
-0.223447
-0.254416
-0.245339
-0.117868
0.153061
0.0721924
0.194804
-0.0913672
-0.103707
-0.0164087
0.0712165
-0.277248
-0.34188
-0.397538
-0.0849609
-0.140559
0.21581
0.151904
-0.0580665
0.0979855
-0.0915489
-0.0699531
-0.143304
-0.261388
-0.378706
-0.482941
-0.0751773
-0.19182
-0.236342
0.0310217
0.0545401
0.0731893
0.147148
-0.0110231
-0.0684044
-0.100771
-0.0389097
-0.302005
-0.249299
-0.234636
-0.234669
-0.0743918
-0.15645
-0.0237813
0.249153
0.0868525
-0.174383
-0.147751
0.149789
0.239214
0.0553674
-0.173125
-0.0268152
-0.298227
-0.0762036
0.189139
0.21958
0.141511
0.0357683
0.110243
-0.0515574
-0.0447195
0.21091
0.0902646
-0.111995
0.0653142
0.0975943
0.0241758
-0.218676
-0.224341
-0.0789439
0.182501
-0.0633816
-0.210234
0.0826085
-0.0406022
-0.060098
0.0839514
-0.0456312
0.106273
-0.0390083
-0.146267
-0.279499
-0.0480288
-0.253049
-0.169692
-0.258562
0.0855127
-0.204689
-0.0244954
-0.141989
0.113876
0.269217
-0.181727
0.113792
-0.0194848
0.182995
0.0227078
0.0508268
0.152516
0.171739
-0.0565215
0.135168
-0.0658776
0.185203
0.207962
0.0987595
0.0874972
-0.10619
-0.0960382
-0.0385787
-0.149093
-0.0436573
0.154724
0.0827766
0.321793
0.356186
0.109499
-0.000810803
0.227962
0.33831
-0.112428
-0.248889
-0.225488
-0.129715
-0.35237
0.0219332
0.0317471
0.34313
0.404295
0.173736
0.427371
0.223929
0.0381936
-0.323128
-0.120004
-0.0275219
0.0234481
-0.346099
-0.0681614
-0.211562
0.309956
0.266107
0.147881
0.184795
0.193861
0.318702
-0.122215
-0.243289
-0.0628212
0.107311
-0.0459452
-0.367624
-0.0434509
0.12988
-0.102447
0.122271
0.163411
-0.158234
0.102791
-0.155234
-0.0717468
-0.17083
0.244849
0.080375
-0.263975
-0.203603
0.0882025
0.0473889
-0.152621
-0.230229
0.200491
0.138937
-0.163324
0.14084
-0.0439763
0.0354605
-0.162101
-0.315564
0.0408646
0.0600485
0.0647675
0.102818
-0.199136
0.135335
0.260512
0.207515
-0.0265202
0.0375812
0.207812
0.0508494
-0.0541733
-0.00454121
-0.253488
-0.262121
0.0573553
-0.0384876
0.11
0.172152
0.132332
0.0575111
0.168618
0.228556
-0.144213
-0.378327
-0.0747516
0.0275578
-0.104198
0.0435183
-0.0953048
0.140728
0.0921286
0.143119
0.264992
0.197396
0.225536
0.233937
0.0707501
0.208884
-0.182777
0.260462
0.112629
-0.0333962
0.00242423
0.0153149
-0.0453068
-0.252561
-0.171167
-0.0891247
-0.210435
0.00205561
0.311354
0.301515
0.148094
-0.137999
0.0301321
-0.0649618
-0.123092
-0.282565
-0.0136962
-0.0465232
-0.185499
-0.0483092
0.125507
0.0443357
0.125643
0.12074
-0.274686
-0.112516
-0.0940843
-0.266525
-0.32079
-0.0721693
-0.0916738
-0.114194
-0.194218
0.27197
0.234758
-0.190913
0.0825848
0.109813
0.0422526
-0.0839729
-0.29083
-0.435395
0.00847186
-0.0448424
-0.05067
-0.232863
0.0179236
0.33276
0.103555
0.347833
0.157713
-0.00624503
-0.322831
-0.318665
-0.314963
0.0367165
0.0781816
0.131543
-0.243861
0.142505
0.0951092
-0.221454
0.277522
0.233275
0.189993
-0.0759307
0.209956
0.175219
-0.0217105
-0.215647
0.00195339
-0.170959
0.137389
0.0397099
-0.151083
0.0236221
0.0177983
-0.0543304
-0.0884179
0.0725597
0.0975923
0.372459
-0.0452755
-0.170917
0.0861031
-0.0693799
-0.103816
-0.289097
-0.170548
-0.238694
-0.0184196
0.0966025
-0.0532915
0.208362
0.139618
-0.138733
0.330517
0.164662
-0.232553
0.106037
0.0465231
-0.126773
-0.284268
-0.159349
-0.257146
-0.336186
0.013969
0.161826
-0.207528
0.111031
0.013073
-0.285665
-0.0468876
-0.064076
-0.0470923
-0.198103
-0.165273
-0.113215
0.0998126
0.0578963
0.0326548
-0.197739
-0.0174491
-0.0394577
-0.39609
-0.255483
-0.192079
-0.0732905
0.113595
0.0594301
0.109773
-0.0845046
-0.0452985
0.0640903
0.00471317
0.046023
0.220226
-0.100774
-0.210605
-0.223638
0.0892083
-0.0322789
-0.0317496
0.232672
0.165571
0.0246818
-0.0777885
0.272469
-0.0511742
0.076416
-0.259776
-0.0285727
-0.323531
-0.229944
-0.2369
0.0853051
0.137985
0.263956
0.0480299
0.241868
-0.0829307
0.326828
0.272564
0.31053
0.138458
-0.196604
-0.0568818
-0.0798441
-0.156949
0.105655
-0.165258
-0.07618
0.0201505
0.131242
0.00231136
0.176632
-0.133165
-0.104901
-0.0353265
-0.00728038
-0.197278
-0.0339952
0.127074
-0.263156
0.0560128
0.0607902
-0.102017
0.0504221
-0.048963
-0.0866223
0.10349
-0.114555
-0.234181
-0.054193
0.172005
0.223648
-0.0445151
0.138217
0.132901
0.175292
-0.0132866
-0.205364
-0.176438
0.0817609
-0.174895
-0.25373
-0.183286
-0.0479783
-0.231218
-0.239786
-0.0225586
0.00652465
0.00586821
0.269919
0.0641498
-0.00472491
-0.319733
-0.236454
-0.236452
-0.0244496
-0.227202
-0.174687
0.211521
-0.072188
0.0961157
0.322547
0.186892
-0.0176866
-0.0592125
-0.307866
-0.295573
-0.170784
-0.134898
0.0321308
0.0712495
-0.0580264
-0.170116
-0.0828497
0.125306
-0.099331
0.0314201
0.246745
-0.170756
0.181691
0.0951213
-0.0233769
0.240848
0.224284
-0.0843221
-0.0592804
0.195284
0.118518
-0.19632
0.160479
0.0604789
0.0920907
-0.271016
-0.184052
0.11884
0.0704021
0.096374
0.0482977
-0.133495
0.0257144
0.0412637
-0.110999
-0.160541
0.19109
-0.197487
-0.295081
-0.175429
-0.119843
-0.019273
0.142326
-0.0844848
-0.356906
-0.210456
0.165521
-0.139786
-0.0344644
0.183993
-0.0745319
0.00145717
0.0205609
0.0533604
0.182518
0.129381
-0.20758
-0.112184
-0.0696445
-0.108026
-0.0441665
-0.227495
-0.12067
0.232518
0.278695
-0.131425
0.258736
0.401911
0.0462992
-0.145032
-0.246773
0.139252
-0.0436483
0.0778217
-0.134841
-0.0894679
0.208865
0.110216
0.14967
-0.0372535
0.267758
0.222814
0.0561637
-0.030143
0.00124031
-0.246563
0.0542329
-0.0393153
-0.191341
0.116093
0.0111945
0.0237221
0.17481
-0.072685
-0.113793
-0.176301
0.0571006
-0.0565734
-0.194895
0.0586325
0.0843499
-0.167891
0.261951
-0.349703
-0.0405687
0.118768
-0.130307
0.139974
0.0308518
-0.0958579
0.0984556
0.0930639
0.103259
-0.103962
-0.0395416
0.20727
-0.251883
-0.0481232
-0.232968
0.126495
0.0444844
0.114941
0.152187
-0.0423698
0.208391
0.101786
0.287378
0.00874348
0.192664
-0.194731
0.0585468
-0.117889
-0.174245
0.0373193
0.0465527
0.351468
-0.0644087
0.0226734
-0.212624
0.164274
-0.11773
0.123618
-0.178402
-0.00673983
0.00511252
-0.112511
0.155735
0.0154709
0.0911256
-0.189698
0.265595
0.0844596
0.0948432
0.230297
0.312782
-0.224883
-0.105259
-0.137125
-0.311168
0.0401603
-0.0625086
-0.0454767
0.408818
0.26055
0.133542
-0.0546379
0.168167
-0.00449114
0.102117
-0.270439
-0.132846
-0.110033
0.0530164
-0.0990251
-0.134951
-0.181501
0.0736767
0.256871
0.331876
0.168778
-0.124052
-0.0747768
-0.28682
-0.48201
-0.140589
-0.504291
-0.206466
-0.000672029
-0.108637
0.151691
0.314062
0.297559
0.173626
0.209848
-0.207872
-0.236696
-0.37203
-0.426774
-0.169362
-0.233431
-0.207014
0.0877049
-0.0509182
0.161081
0.165919
0.219144
0.16075
0.048881
-0.221268
-0.600526
-0.64165
-0.348491
-0.365314
-0.238702
0.183379
-0.00347912
0.304758
0.348607
0.330684
0.209521
-0.272258
-0.0877393
-0.336971
-0.436573
-0.519116
-0.153028
0.100612
0.182044
0.164442
0.066974
0.276451
0.460288
-0.0940928
-0.122481
-0.3122
-0.220825
-0.140405
-0.302516
-0.0576905
0.190728
0.209709
0.174299
-0.0872194
0.23451
0.0951997
0.160024
0.14084
-0.0525272
0.0336542
0.0268183
-0.0374759
-0.109354
-0.235016
0.176636
0.144481
0.336585
0.157311
-0.0736091
0.0567389
-0.160427
0.205484
-0.0705672
0.0130184
0.0236033
-0.148661
0.0051837
-0.184509
0.197634
-0.00202955
0.0223467
0.0992499
0.09568
0.164156
0.0836126
-0.0587727
-0.0146068
0.00462451
-0.0555905
-0.11844
0.163883
-0.0564533
0.0565974
-0.100607
-0.100223
0.113988
0.00134839
0.00748442
-0.148337
-0.11773
-0.151516
0.242466
0.236779
-0.0184368
0.121072
-0.126122
0.0616701
-0.140199
-0.0592953
0.101027
0.165287
0.0635884
0.0984826
0.0118783
-0.110372
-0.00625839
-0.0392609
0.117562
0.0259729
-0.165682
-0.129163
-0.0861031
0.118372
0.188131
-0.262852
0.180306
-0.0516804
-0.0270222
0.0242122
0.138013
-0.02353
-0.0874332
0.326969
-0.0676825
-0.153636
-0.039321
0.105124
-0.0969845
-0.00572668
-0.180744
-0.334917
0.187859
0.00188926
-0.169747
-0.0447629
0.407557
0.177704
0.201311
0.111062
0.182131
-0.137304
-0.307988
-0.375092
-0.29004
-0.0471645
0.103686
-0.203487
0.0813759
0.0849663
0.147563
-0.0139047
-0.167999
-0.198345
0.145474
-0.128622
-0.254508
0.00812132
-0.168648
-0.0824937
-0.281874
0.0460728
-0.282702
-0.125682
-0.166795
-0.176811
0.0439224
0.232334
0.179233
-0.175237
-0.0301248
0.0146544
0.0245207
-0.0903427
-0.0293737
-0.18191
-0.254314
-0.0866154
0.193309
0.0726615
-0.18885
0.186765
0.0523408
-0.22919
0.171794
0.261673
-0.0843374
-0.272837
-0.219165
-0.0284541
-0.100921
0.128767
-0.175504
0.15554
-0.238324
-0.175032
-0.188825
-0.279576
-0.171022
-0.0406499
0.0448644
-0.053397
-0.350388
-0.17382
-0.0127614
0.205924
0.151302
-0.239426
-0.0491257
0.0362183
-0.0578291
-0.23468
-0.379096
-0.34183
0.106345
-0.143211
-0.235345
0.0887645
0.2172
0.190863
-0.0581213
0.20985
0.110624
0.178638
-0.0325965
0.109838
-0.202588
0.108089
-0.150073
0.151331
-0.0410313
0.0548342
0.0895999
0.232087
-0.04201
0.102352
0.0759036
0.00619584
-0.0913549
-0.146283
0.147815
0.239239
0.322401
0.0425142
0.0212842
-0.00941164
0.0300099
0.0586389
-0.248371
0.0955173
0.100589
-0.0682093
0.00393751
-0.173806
0.0159011
0.0915264
0.196602
0.186399
-0.209024
0.181322
-0.179426
-0.246001
0.0178234
-0.154755
0.11267
-0.218599
-0.0437756
0.115212
0.204974
0.0286144
-0.107044
0.101955
-0.0168598
-0.00907611
0.049011
-0.268476
-0.130041
0.0421631
-0.231239
-0.104304
-0.0719366
-0.00394444
-0.0771261
0.150547
0.0684222
0.0967545
-0.0154713
-0.0595664
-0.150937
0.0700825
-0.161721
0.0394582
-0.352187
-0.299628
-0.104823
-0.0460672
-0.101109
0.108585
0.0617828
-0.175261
-0.080173
0.00386654
0.163068
0.0739996
-0.0997875
-0.108968
0.165991
-0.281521
0.152563
-0.182468
0.00332637
0.197102
0.119768
-0.243569
0.185505
0.0150447
0.0752385
0.179937
0.0113641
0.0519805
0.0287134
0.223052
0.163845
0.0375074
-0.0993605
-0.0458501
-0.224252
0.147358
-0.156993
-0.00600793
0.0617048
0.00777311
-0.071717
-0.237584
-0.156046
0.163564
0.0604953
0.0418271
0.127542
-0.229307
0.0265578
-0.19374
0.0505871
0.263069
0.228038
-0.0244771
0.0262129
0.223888
-0.148353
-0.144395
0.162899
-0.00262672
-0.233875
-0.330586
-0.0476599
-0.220607
-0.0592576
0.0768825
-0.121989
0.142208
-0.0973405
-0.0983835
-0.10701
-0.194445
0.160816
-0.229537
-0.262284
0.0305561
-0.228432
-0.0848246
-0.000337469
-0.162746
0.146939
-0.0959753
-0.166249
-0.116701
0.228656
0.103372
0.119576
0.0325112
0.16513
-0.108178
0.0353903
-0.146475
-0.185672
0.0715965
-0.172586
-0.135831
-0.0879056
0.246723
0.212633
0.166245
-0.293497
-0.105789
0.0587836
0.00379682
-0.0239903
-0.131159
0.158979
0.117636
-0.0214031
-0.104724
0.106841
0.144351
0.202368
0.022107
-0.126082
0.156102
-0.257875
-0.00204834
-0.0754118
-0.114176
-0.148397
0.187322
-0.485144
-0.136774
-0.279317
-0.292305
0.132844
-0.0214968
0.2436
0.1941
0.248576
0.0573863
0.228231
0.0751466
0.249289
-0.148298
-0.218936
-0.332054
-0.243354
0.0824357
0.265572
0.440274
0.457333
0.335986
0.349519
0.204031
0.193034
0.0590169
0.00717829
-0.151259
-0.346067
-0.025498
-0.245244
-0.190009
0.228255
0.389248
0.221113
-0.165332
-0.0994233
0.0240784
-0.106331
0.0680718
0.0198372
0.120766
-0.284732
0.171215
0.0738551
0.0802475
0.294125
0.0136943
-0.160914
0.0547737
-0.079018
0.0572101
0.0324875
0.0782398
0.0793807
-0.0861182
0.10342
-0.00846317
-0.205961
0.195117
-0.00432346
-0.26295
0.19554
0.15622
0.210772
-0.193343
0.162376
-0.216943
0.209222
-0.0836397
0.109843
0.117844
-0.173397
-0.152789
0.0196699
0.12413
-0.119115
-0.0360341
-0.180278
-0.112536
-0.204206
0.27722
-0.2314
0.24653
-0.088968
-0.00541563
-0.10807
0.121268
0.0445493
0.0630023
-0.0233002
0.165428
0.00921528
0.205027
0.207991
-0.0761146
0.148133
0.0329526
-0.332815
-0.0800274
0.0340888
0.083807
-0.0815268
-0.161825
-0.0427286
0.342565
0.257266
-0.0434032
0.0406193
-0.123242
-0.0752452
-0.00165755
-0.230371
0.0853088
-0.172789
0.048021
-0.128744
-0.20168
0.202507
0.103367
-0.0761521
0.185773
0.031918
0.281291
-0.0362861
0.118699
-0.112601
-0.15386
-0.0607909
0.0572539
-0.13703
0.410576
0.199493
0.160328
0.131408
0.157497
-0.081852
-0.126797
0.251534
0.165041
0.192249
-0.183607
-0.232419
-0.0765997
0.0577125
-0.0451365
-0.149759
0.277602
0.147798
-0.0394054
0.166555
-0.24627
0.142967
0.146529
0.135699
0.0454995
0.198831
0.125891
-0.14986
0.00809463
0.0605331
0.115915
-0.0201628
-0.254626
-0.0477176
0.13594
0.0998781
0.0515945
-0.0472289
0.212129
-0.530866
0.0541998
-0.0833175
-0.137083
-0.19614
-0.153358
0.0693846
-0.00190902
0.198234
0.160874
-0.182649
0.0250617
0.126828
0.0105091
-0.331368
-0.219952
-0.150383
-0.298784
0.0151071
-0.082767
-0.150495
-0.278323
-0.126948
-0.0174315
0.107585
0.00254565
0.290161
-0.119147
-0.269993
-0.277704
-0.367784
-0.313236
-0.290371
-0.264775
-0.165141
-0.178179
0.0499782
0.10963
-0.00987689
0.223916
0.022088
-0.28965
-0.370622
-0.250462
-0.208043
-0.130073
0.0362073
-0.114779
0.0467811
0.153492
-0.19936
-0.142247
0.0975809
-0.200985
-0.239763
0.0291291
-0.0763756
-0.0700233
0.145355
-0.185657
-0.247084
-0.0204797
0.199104
-0.165931
0.171313
0.215183
0.0329525
-0.0993275
-0.247815
0.149612
0.159778
0.104512
-0.0149887
-0.0359828
-0.151036
0.0586885
0.218921
0.164386
0.0836045
-0.171803
0.0763777
0.148185
0.216847
0.302163
0.153272
0.351206
0.0995725
0.062098
-0.102738
0.403155
0.336622
0.293746
-0.128222
0.1702
-0.145487
-0.0204606
0.067558
0.264157
0.320307
0.271952
0.285029
0.0643804
0.275794
0.465384
0.200228
-0.0113258
0.142661
-0.203476
0.159926
0.252968
0.320232
0.233321
0.252767
0.223141
0.19522
0.339612
0.312643
0.0747867
-0.14147
-0.11426
0.0642734
-0.106566
0.0475101
-0.045335
0.292931
0.000731902
0.140109
-0.115162
0.00465536
-0.0401139
0.226187
-0.0761147
0.12588
0.014141
0.0436584
0.159823
0.0102869
0.217839
-0.102682
0.0813514
0.00730831
-0.0451789
-0.15858
0.228891
0.0084769
0.0277866
0.0959276
0.121484
0.175531
-0.0251296
0.0770465
-0.0166642
-0.0825674
-0.116847
0.000138964
-0.02621
0.186128
-0.0230754
-0.118701
-0.253393
-0.22238
-0.252283
-0.0825564
0.0224329
-0.031559
-0.197101
0.0678928
0.0513628
-0.247115
-0.00614759
0.187135
0.284628
-0.0444585
0.053659
-0.19722
0.100612
0.116523
0.341955
0.251127
0.321903
0.274478
0.0349536
-0.036239
0.137798
0.18974
-0.0534475
-0.310211
0.0105481
0.0491248
0.163324
-0.0582196
0.223544
-0.324842
-0.114225
-0.124418
-0.192708
-0.0530077
0.309781
-0.218396
0.139795
0.246122
-0.0999275
0.13912
0.108759
0.0650833
-0.15503
-0.457324
-0.419319
-0.206988
-0.0572752
0.0415786
-0.234408
0.0236566
-0.125107
0.0507911
0.0744134
-0.0132136
0.0377932
-0.211867
-0.306343
-0.299143
-0.280372
-0.125293
-0.00422675
-0.10161
0.0893402
0.134934
-0.0466226
-0.173459
-0.0763448
0.0593637
-0.346822
-0.396231
-0.0405752
0.128236
-0.092931
-0.338091
0.0432219
-0.1604
0.0723042
-0.19946
-0.0794011
0.0247615
0.258425
-0.0596517
0.0884718
0.106473
0.108982
0.060289
-0.216356
0.0982003
-0.151644
-0.0300597
0.197767
0.12274
0.258792
0.00654821
0.132895
-0.160135
0.162659
-0.0283887
0.0400144
-0.0897938
0.101518
-0.121684
0.0759743
0.381711
0.212246
0.0631413
0.140422
-0.095774
-0.0779895
0.0857946
0.0187833
0.150217
0.185558
-0.00380399
-0.098536
-0.101796
0.292
0.172104
0.0194447
0.0993427
-0.0323884
-0.0748745
-0.309088
0.0422347
-0.156478
-0.000388408
-0.0919735
-0.0450906
-0.0493309
-0.0249483
0.256704
0.270006
0.0328764
-0.144278
-0.0751318
-0.252545
-0.24453
0.164771
-0.049048
-0.30106
-0.19537
0.0584696
-0.0402335
0.066135
0.0269881
0.0173519
-0.180265
0.0902978
-0.170296
-0.243399
-0.0622923
-0.230033
0.0689602
-0.220975
0.149745
-0.237116
-0.355307
-0.293281
-0.189851
-0.0291488
0.0219069
-0.106397
-0.0213823
-0.0937395
0.138467
-0.226674
-0.157673
0.0499153
-0.212751
-0.374356
0.0330377
0.0215119
-0.19156
-0.0839022
-0.0630537
0.0473617
-0.0447465
0.407104
-0.0751452
0.143905
-0.0538518
-0.150042
0.22413
-0.0379031
-0.0343782
0.0833415
-0.133863
-0.0405313
0.049884
-0.282347
-0.179465
0.174052
0.115572
-0.0647554
0.166231
0.0992825
0.101752
0.00337557
-0.375165
-0.0793304
-0.0630285
-0.0552624
-0.0538726
-0.00171099
-0.0263282
0.153217
-0.00172672
-0.122674
-0.262809
0.0560977
-0.372612
-0.28896
-0.118583
-0.166214
0.0353716
-0.110483
0.0473696
-0.193004
-0.11324
0.157058
-0.113987
0.102012
-0.25932
0.116216
0.150684
0.276209
-0.06449
-0.13681
-0.00146069
0.167215
-0.0664144
0.153072
-0.102471
0.0878362
-0.191535
0.0626805
-0.171789
-0.209617
0.266412
-0.0809842
0.022195
0.248398
0.176544
0.0232219
0.24311
-0.203964
0.162305
-0.00358577
-0.221086
0.200043
0.0390054
0.0689754
0.06529
0.144605
-0.104946
-0.209487
-0.121293
-0.0731499
-0.00904037
-0.180157
0.0747677
0.247229
0.0644165
-0.102656
-0.00224787
-0.0749998
0.0517868
-0.137292
0.072714
-0.0725234
-0.250377
0.0398563
-0.145823
-0.0798694
0.115955
-0.000235578
-0.30005
-0.111631
0.293598
0.378504
-0.142916
-0.142313
-0.132154
-0.0162642
0.130142
-0.00657687
-0.199978
-0.171532
-0.131496
-0.107865
-0.220239
-0.0510624
0.0322564
-0.0518752
0.0328762
0.192604
0.112771
0.244733
0.166941
-0.0386914
-0.180754
-0.055041
0.0493483
-0.0251665
-0.123944
-0.227346
-0.0638697
-2.42993e-05
0.0337496
0.147823
0.259182
-0.0101661
0.0746741
-0.087328
-0.213926
-0.0885093
0.0615476
-0.251446
-0.121867
0.0283152
0.214917
-0.0586413
-0.0171724
-0.0446302
-0.182202
-0.149139
-0.0587105
0.0554671
0.086275
0.241137
-0.113288
-0.163596
0.18129
-0.107916
-0.107102
-0.119417
-0.0199008
0.0568058
0.162251
-0.0242621
0.0439522
0.228084
-0.0869514
-0.0730733
-0.165636
-0.150733
-0.0907554
0.206372
-0.213286
0.0955177
0.0125889
-0.211774
-0.0428182
0.000118261
-0.109645
-0.124398
0.177855
-0.0418741
0.056155
-0.234847
0.137802
-0.0942537
-0.18672
0.165284
-0.105127
0.104916
0.140908
-0.0228771
0.00358446
0.105799
-0.212604
-0.0277961
-0.269471
-0.144524
-0.0101502
-0.149055
0.0858473
0.0172482
0.121779
0.200202
-0.177519
-0.120148
0.295131
0.247676
0.192386
-0.00541507
-0.280586
0.112207
0.17332
0.237281
-0.0114825
0.19701
-0.198508
0.0670223
0.247236
0.415492
-0.192219
-0.241235
-0.112382
-0.205699
0.223295
0.0166505
0.0751153
0.164189
-0.140861
0.0849143
-0.0211017
0.0294216
0.168837
0.18147
-0.291992
-0.235929
-0.0693257
0.0232729
0.171922
0.126982
-0.0305705
0.13387
-0.150656
-0.311476
-0.345923
0.067019
-0.0374961
0.132884
-0.258163
-0.335152
-0.144391
0.0714065
-0.0624441
0.155296
-0.0870112
-0.0452258
-0.132298
-0.200334
-0.0842296
-0.100358
-0.237171
0.0391561
-0.130004
-0.182985
0.207048
0.18876
-0.0467002
-0.158533
-0.24948
-0.239034
-0.389185
-0.205251
-0.127566
-0.0436279
-0.171079
-0.150695
-0.130673
-0.161226
0.0565981
0.100384
-0.15931
-0.299732
-0.267993
-0.0933298
0.137138
0.0708733
0.0726786
0.193066
-0.056679
-0.00446046
-0.307993
-0.244956
-0.00830379
0.0888725
-0.0200239
0.216041
0.150736
0.229839
-0.24246
0.0205694
0.0198136
-0.0935177
-0.263088
-0.0807661
0.0290572
-0.024089
-0.0231883
-0.185651
-0.0951166
0.304767
0.218009
0.0712304
-0.22023
0.302075
-0.0574718
-0.18455
-0.0857278
0.192302
0.299522
0.302684
-0.212587
0.0123958
0.113647
0.198055
0.0766645
-0.115758
0.134631
0.122211
0.130419
0.165427
-0.0973563
-0.0679923
0.118245
0.0957243
0.0141807
-0.117039
0.233898
0.324294
0.199443
0.083447
0.266061
-0.599949
0.154482
0.0896484
-0.00982624
-0.131325
0.108406
0.13417
0.049619
0.194644
0.0170833
0.050813
-0.0311672
-0.0343712
-0.04005
-0.144058
-0.250477
-0.236119
0.27646
0.011498
-0.0595159
0.277465
-0.0483091
0.0216686
-0.12105
0.275496
0.200943
0.206567
-0.231054
0.120664
-0.150238
0.172022
0.303518
0.114386
0.158394
0.107378
0.30948
0.207679
0.211397
0.00227087
0.178849
0.0869876
0.203183
0.0120403
0.110345
0.0135591
-0.134801
0.117395
-0.177579
0.240765
-0.145928
0.181323
0.365243
-0.0810875
0.151934
0.100725
0.290392
0.338645
-0.114874
1.75032e-05
0.023298
0.106943
0.0266142
-0.0897407
0.100922
0.297146
0.269858
0.143368
0.238918
0.0789137
0.148903
0.161116
-0.0958507
-0.261857
-0.0188254
-0.164492
0.217855
0.373812
0.116445
0.150725
0.238436
-0.019294
0.122927
0.15314
0.237003
0.0141427
-0.134671
-0.340609
-0.269938
-0.256856
0.117986
0.116955
0.141559
0.164023
0.175414
0.166116
0.117811
-0.0707298
-0.286908
-0.0705487
-0.375169
-0.0896622
0.0272626
0.116375
0.0764189
0.00447429
-0.0931082
0.0664009
-0.173524
-0.00953368
0.057128
-0.0977726
0.00492116
-0.246795
-0.279817
0.0347489
0.303707
-0.00966843
0.149654
-0.20559
0.00331023
-0.223457
-0.27428
0.246761
-0.116281
-0.115879
-0.193368
-0.129814
0.0090648
-0.228545
-0.130547
0.164507
-0.17958
-0.135296
-0.231808
0.021421
0.251156
0.311842
0.195611
-0.19083
0.0784268
0.0106109
-0.128199
-0.165317
-0.194106
-0.155598
-0.21415
-0.0374954
-0.0107558
0.00337164
0.150889
0.210926
0.281094
-0.121553
0.26161
0.0370327
0.150136
0.0693593
-0.0731328
-0.168237
-0.193772
0.229642
0.00840495
-0.132489
0.254501
0.179605
-0.141694
0.264875
-0.280989
-0.0428442
0.0837223
0.548246
0.00241758
0.0128765
0.0955625
-0.0153566
-0.0433316
0.0946241
0.0769369
-0.0676413
-0.121684
0.102695
0.116735
0.267228
0.0834857
0.174361
-0.328312
-0.143854
-0.0167894
0.0468633
0.0259698
-0.154638
0.00382074
-0.298599
0.182795
0.322523
0.0390145
-0.0799769
-0.12176
-0.0953926
-0.398087
-0.217066
-0.025048
-0.30933
-0.200205
0.220373
0.15309
0.100657
0.196323
0.193335
-0.0509907
0.191921
-0.0742524
-0.138931
-0.134495
-0.359634
-0.287705
-0.193425
-0.203727
-0.322105
-0.109155
-0.0206494
0.0641637
-0.0184755
-0.018591
0.227944
-0.073044
-0.1636
-0.567509
-0.563451
-0.436247
-0.0681705
-0.243966
-0.134086
0.195696
0.279087
0.329085
0.0890366
0.141002
0.240401
0.0865326
-0.203578
-0.261253
-0.237003
-0.0932957
0.353
0.294233
0.0519736
-0.00505996
0.259168
0.0931943
0.183675
0.116963
-0.0751934
0.0440217
0.241974
0.209006
0.233045
0.394319
0.283221
0.179953
0.175284
-0.0522758
-0.0419158
0.0746359
-0.0338348
0.0393489
0.129175
0.0883576
0.168887
0.0835214
0.253789
-0.0648947
-0.185908
0.055946
-0.30477
0.00504283
0.323924
-0.0777044
0.0185128
-0.360969
0.000935605
0.100005
0.347222
0.0144112
-0.094783
-0.16379
-0.372414
-0.386461
-0.131325
-0.0631584
-0.161575
0.0599028
-0.144996
-0.272356
-0.367945
0.038051
0.183005
0.0878494
-0.135425
-0.141395
-0.485558
0.0473389
0.221206
0.226129
0.0569813
-0.292459
-0.270857
-0.0741232
-0.0210955
-0.0957534
-0.228717
-0.247434
-0.183679
-0.369102
0.0577808
-0.00866896
0.110943
-0.0248434
0.120623
-0.207683
-0.116375
0.267324
-0.106553
0.0677935
0.188265
-0.181594
-0.186206
-0.0833356
0.124941
0.242998
0.0952226
0.183626
-0.0900911
-0.295578
0.0774474
-0.113999
0.0496308
0.0780311
-0.000283766
-0.12657
-0.310526
-0.163271
0.118508
0.0548233
-0.142054
-0.14243
-0.197133
0.185902
0.0363568
0.257951
0.210893
-0.0674223
-0.0564048
-0.126371
-0.0302684
0.148961
0.0578849
-0.0406811
0.108808
0.111701
0.221028
0.0515449
0.299971
-0.100991
-0.079223
-0.174347
0.090585
-0.0616055
-0.187611
0.151069
-0.292418
-0.0458209
0.128444
0.14256
0.0712466
0.189347
0.274708
0.0492363
-0.106365
0.0509059
-0.096114
0.322348
0.278088
-0.112115
0.0165159
-0.157304
-0.281152
-0.212132
-0.0293182
-0.00461187
0.0864838
0.181656
0.113323
0.257755
0.2381
0.191168
-0.0258839
0.00355144
-0.263621
0.0483385
0.00604228
-0.261119
-0.220812
-0.0226987
0.10534
0.169619
0.162858
0.0675224
-0.119209
-0.306766
-0.238554
-0.173653
0.00205952
0.029295
-0.0881507
0.0219976
-0.0385184
-0.0259347
0.0428786
0.0742176
0.0649796
0.05319
-0.177206
0.0975821
0.069292
0.0210663
-0.130129
-0.0485187
-0.156868
-0.144896
-0.0931286
0.0604544
0.267251
0.0630724
-0.0478868
-0.14721
0.0659655
0.174732
0.307197
-0.0164952
-0.050179
-0.171555
-0.276055
-0.00809643
0.224144
-0.0914724
0.0583135
0.228796
0.207762
0.152586
0.0108813
0.340839
0.030599
-5.17502e-05
-0.104344
0.091099
-0.0631396
0.00138982
0.122449
0.248514
0.104817
-0.0413221
0.0518488
0.0965223
0.246662
-0.130037
0.0237842
-0.164609
-0.188359
0.17279
0.193061
-0.046009
0.210203
0.00842527
0.160238
0.0700093
-0.0819042
0.133119
-0.0928757
-0.215149
-0.167956
-0.166224
0.128103
0.278691
-0.0930313
0.0883244
0.0627052
-0.0774514
-0.169703
0.135285
-0.114389
0.00892065
-0.156978
-0.181069
0.349619
0.00818992
-0.0356137
-0.0197499
0.180206
-0.196607
-0.168562
-0.0270681
-0.315058
-0.225023
0.0921957
-0.00381528
0.201884
0.173588
0.175141
0.0656761
0.083362
0.0971404
-0.0513267
-0.0999766
-0.092509
-0.17196
0.17458
0.162547
0.114725
-0.116246
0.180962
-0.0220933
-0.0807997
-0.00310676
-0.0931707
-0.143261
0.0984483
-0.082849
0.0930631
-0.116501
-0.0628783
0.174093
0.0526345
0.060893
0.0289624
0.198993
0.00492282
-0.159384
0.0735866
0.157589
0.0173669
-0.282353
-0.396579
-0.283179
-0.0790485
-0.112463
0.119575
0.115089
0.092343
0.0977034
-0.153248
-0.252043
0.124228
0.194931
0.00928112
-0.207091
-0.0271653
-0.29825
-0.274865
-0.13311
0.155919
0.260132
0.194611
0.0807609
-0.0820419
0.00130526
0.0643318
-0.136039
0.131814
-0.053644
-0.216068
0.12279
0.0147295
-0.041466
-0.126437
-0.0695289
0.144279
-0.106632
0.157252
0.107091
-0.176412
0.148293
-0.232803
-0.318567
-0.146416
-0.110606
-0.0601157
0.108229
0.150281
0.128023
0.100458
0.231447
0.152092
0.106703
0.253692
0.101771
-0.206512
-0.288506
0.030611
0.188027
0.106237
0.0284043
0.0939363
-0.282058
-0.177516
-0.18044
-0.176449
-0.0048246
-0.122428
-0.130119
-0.262017
0.11812
-0.113756
-0.231674
-0.00075042
0.0401446
0.0580536
0.0861642
0.0209294
-0.128348
-0.147467
-0.0203703
0.0889013
0.0478508
0.0110229
-0.226203
-0.00150564
-0.204645
-0.039463
0.137882
0.205094
-0.27703
-0.15844
0.0290809
0.189536
-0.126583
-0.028738
-0.15172
-0.265633
-0.344884
0.0807546
0.00299719
-0.0206285
-0.00408514
0.0745489
-0.0296473
0.21038
0.182428
0.201178
0.222515
0.145855
0.184705
-0.12164
0.145397
0.0535877
0.110493
0.00393268
-0.128187
0.0161852
-0.0685059
0.00651978
-0.150067
0.191218
-0.0568751
-0.00117327
-0.0778245
-0.0492401
-0.085684
-0.0750554
-0.0877076
0.0396635
-0.253499
0.0757504
0.136552
-0.209818
0.0621594
-0.162039
-0.1081
-0.0814627
-0.0335183
0.280836
-0.23282
0.060479
-0.0845212
0.00535577
-0.141276
-0.0386063
0.039392
-0.148877
0.0262611
-0.141304
-0.0954687
-0.0332467
0.217242
-0.255609
-0.139993
-0.392228
-0.10351
0.00137276
-0.0952235
-0.100503
-0.172115
-0.235362
-0.179739
0.0351465
0.00685135
0.308996
-0.450743
-0.389153
-0.177715
-0.115343
0.0617547
0.197473
0.139486
0.170195
-0.334306
-0.245806
0.212503
0.04003
0.0996574
-0.38159
-0.351042
-0.241611
0.272271
0.105472
-0.0092303
0.36033
0.285405
-0.0753202
0.167304
-0.0625602
0.18477
0.135616
-0.369063
-0.0694463
0.124582
0.292284
0.036647
0.0668066
0.230846
-0.129718
-0.0859231
0.0856139
-0.152988
-0.182163
-0.171233
-0.0345293
-0.0341282
-0.0569665
-0.0502549
-0.0293859
0.154151
-0.0377304
0.0331616
0.193507
0.250905
0.3106
-0.0609631
-0.104074
-0.286348
-0.0874391
0.226212
0.0444697
0.13694
0.286045
0.256775
0.0277237
0.0935004
-0.0539708
-0.022145
-0.201415
-0.0469075
-0.272212
-0.367853
-0.152961
-0.0317955
0.108608
-0.0621747
0.209371
0.187757
0.320642
-0.171932
0.279551
-0.141688
-0.283305
-0.200814
-0.0338413
0.00488462
0.0246367
0.202839
0.377095
-0.0334072
0.212223
-0.00216103
0.0621089
0.052422
-0.177675
-0.103658
-0.00524826
-0.157753
-0.0201359
-0.037243
0.135204
0.185314
0.210616
-0.157018
-0.141503
0.134624
-0.259396
-0.252447
-0.43106
-0.111704
0.168488
-0.212157
-0.219862
-0.133715
-0.154552
0.230275
0.13607
-0.111506
-0.256257
-0.244409
-0.0110681
-0.225664
0.0578197
-0.112955
0.0378925
0.0264379
0.112184
0.144439
0.236065
0.13929
-0.179069
-0.0306791
-0.273156
-0.123021
-0.107388
0.180321
0.0505121
0.0682302
0.106071
-0.223105
0.0312696
0.299644
-0.0439661
0.14779
0.101691
0.0426963
0.0926785
-0.126824
0.492062
0.0407082
0.0785713
0.0094999
-0.203668
0.133723
-0.0693781
0.184891
0.366103
0.132036
0.0236398
-0.0874012
-0.142174
0.0743323
-0.206901
-0.194347
-0.130086
0.0904916
0.155242
0.208476
-0.0545145
0.316803
0.205852
0.275083
-0.0851
0.165607
0.149496
0.00459769
0.0691063
0.0619677
-0.0711952
0.0509231
0.0295062
0.220019
-0.0254906
-0.150794
0.0610635
-0.157618
0.155222
-0.0435905
-0.13525
0.137336
-0.114451
-0.250777
0.0336476
0.0262063
0.104021
-0.0183917
0.129507
-0.0357064
0.0662492
-0.0992325
-0.206464
0.0927815
0.142243
0.122215
-0.0375408
-0.386644
-0.279552
-0.13668
0.0418045
0.181334
-0.00474847
-0.0786358
0.233534
0.0545921
-0.0404869
0.0458031
-0.051451
-0.230778
-0.270041
-0.19377
-0.347162
0.0352636
-0.301762
-0.354364
-0.369061
0.00868735
0.0786572
0.233377
0.126378
-0.193804
-0.0650403
-0.209655
-0.310056
-0.265368
0.110283
-0.389231
-0.458806
-0.462491
-0.010894
-0.115271
-0.0582179
-0.216883
-0.0949172
0.096032
0.081427
0.06334
0.0782905
0.147828
-0.291168
-0.402586
-0.201983
-0.28565
-0.0830544
-0.106639
0.045767
-0.279182
-0.340395
-0.000570204
0.108919
0.201226
0.0210486
0.00295839
-0.105379
0.147922
-0.0540528
-0.205695
0.101677
-0.150938
0.00811016
0.268209
0.0323124
0.223342
0.39177
0.287341
-0.142965
0.0264992
-0.179544
0.0785478
-0.110305
0.00321442
-0.175105
0.142554
-0.188299
0.0493987
0.256562
0.303606
0.206584
-0.0798441
0.228693
0.21686
0.103296
0.0751916
-0.183889
-0.273385
-0.0873576
-0.112995
0.0153163
-0.0640778
0.259873
0.230751
-0.101048
0.0871965
-0.217773
-0.211414
0.197609
-0.368074
-0.27617
0.000927849
-0.085569
-0.340622
0.128628
0.192085
0.222849
0.0846031
-0.077969
0.0264479
0.0964995
-0.161292
0.328235
0.0691546
-0.134687
-0.245779
-0.150454
-0.0979982
0.129416
0.022376
-0.20871
-0.0455303
0.131948
-0.16381
-0.0626393
0.119146
0.0605933
-0.215073
0.0321652
-0.357824
-0.499384
-0.298733
-0.0815548
-0.111079
-0.0887212
-0.220423
-0.017318
0.0788582
-0.173422
0.0963433
-0.0898634
0.143458
-0.110283
-0.289516
-0.143163
0.117016
-0.20595
-0.160858
-0.00815381
0.257848
-0.146406
-0.102645
0.000390048
-0.056426
0.0345617
-0.242358
-0.00946051
0.260671
-0.0900625
-0.183456
0.14727
-0.144497
0.0578438
0.143696
-0.0404961
0.157655
-0.180614
-0.195943
-0.0399148
0.0120306
0.26236
-0.000858861
0.159252
-0.0437544
0.0730381
-0.0205687
0.0671439
-0.184149
-0.06957
-0.01479
-0.106744
-0.098219
0.144056
0.0927675
0.228109
0.0855269
-0.143722
-0.00733563
0.066519
-0.0387339
-0.152143
0.268141
0.259729
0.265701
0.0939058
-0.0370885
0.188064
-0.14399
-0.0605331
0.0273307
0.190225
-0.0875979
-0.166277
-0.191527
0.0782395
0.0871808
0.0357457
0.0552544
0.0901472
0.0828865
-0.0172451
-0.0849263
-0.213998
-0.047126
0.172991
-0.0249086
-0.0402095
0.0719706
-0.113939
-0.161826
-0.19499
-0.0328077
-0.18493
-0.270751
-0.0601032
0.123881
-0.0917242
0.0203112
0.0911893
0.161869
0.0582962
-0.0521833
0.0405945
-0.0309039
-0.098672
-0.24635
-0.147012
-0.128228
0.183939
0.16389
0.00384642
0.0601428
0.114445
0.0213084
-0.0258715
0.0322045
-0.103104
-0.223976
-0.115743
0.0796748
0.0106054
0.185718
-0.070247
0.0364888
0.172709
-0.13696
-0.21234
0.127888
-0.277111
0.00415847
-0.137084
0.0407155
0.246563
0.0472993
0.212924
-0.202177
-0.296984
-0.199706
0.0395649
0.134377
0.0139498
-0.154655
-0.173829
0.262872
0.265361
0.239871
-0.000505273
-0.111697
0.184053
0.0944269
-0.078685
-0.102404
0.253973
0.0419155
-0.192796
-0.0989285
0.159818
0.186033
0.0662603
-0.18661
-0.0646708
0.160996
0.175702
0.295865
-0.0354938
0.0481689
-0.0663003
-0.27586
-0.17388
-0.157179
0.162161
-0.15941
0.0168261
0.0277483
-0.0505306
0.248385
0.163728
0.161739
0.030963
0.0136146
-0.294067
-0.298126
-0.217401
0.114765
0.0235396
0.0523725
0.147351
-0.0987134
0.174209
0.238807
0.0655536
0.185513
0.0422645
-0.0107983
-0.186533
-0.0108468
0.0437499
-0.0863354
-0.0158461
0.0356063
0.254493
-0.0963766
-0.0101058
0.041021
-0.156299
0.0613902
0.15151
-0.226627
0.0935591
-0.286469
-0.0831576
-0.239791
-0.0173905
0.0202524
-0.0706709
-0.217874
-0.14502
-0.158187
0.298776
0.0242204
-0.30974
-0.251741
0.0651954
-0.371164
-0.256681
0.150861
0.197191
0.0553233
-0.212732
-0.267978
-0.147807
0.209424
0.153692
-0.100287
-0.039437
-0.253624
-0.428437
-0.107772
-0.202699
0.112306
-0.153892
0.0931067
-0.0681823
-0.236017
-0.032969
0.000979972
-0.0282761
-0.223289
-0.336035
-0.223617
0.0417571
-0.23565
0.0405428
-0.139633
0.06839
-0.0759495
-0.0378928
0.167929
0.0122411
0.196836
0.186946
-0.0187739
-0.166029
-0.0808313
0.174572
0.219221
0.0902296
0.124135
-0.202657
0.0860486
0.188628
0.0648529
0.344711
0.0562761
0.142168
-0.106625
-0.0162474
0.109124
-0.100584
-0.11234
0.112975
-0.159731
0.115025
0.126458
0.285846
0.117403
0.228997
0.189966
0.0935183
-0.0283494
-0.101301
0.119257
0.0788182
-0.241555
-0.274743
-0.220423
0.157499
0.184098
-0.0405596
-0.0380476
0.00922902
-0.104173
-0.0936852
-0.199618
-0.260202
0.0516185
-0.169256
-0.218531
-0.00105474
0.0622529
0.0339732
0.0643443
0.103568
-0.0597608
-0.158771
-0.103311
0.0323707
-0.176803
0.134481
0.0740215
0.0401538
-0.0840284
-0.113863
-0.0757311
0.133491
-0.105529
-0.0708974
0.0604464
0.00989677
-0.123072
0.0635682
0.0953969
0.132746
-0.104463
-0.0967078
-0.182847
0.0771848
-0.00266232
0.0616089
0.146949
0.217387
-0.00515786
-0.291199
-0.24442
0.0944606
0.189225
-0.0878636
-0.0307625
0.0554337
0.000380809
-0.0594868
0.0300337
0.137544
0.199464
0.262452
0.111588
-0.204004
-0.0227857
-0.156602
-0.0469067
0.183118
-0.192072
0.102542
-0.0741312
0.184659
0.0851895
0.20953
0.111066
-0.136232
0.135274
-0.170574
0.0499983
-0.156256
0.0248277
-0.128522
0.0390105
-0.142849
0.150387
-0.192911
0.0196315
-0.0258569
-0.0575302
0.16061
0.0605222
0.0415021
-0.148432
0.264026
0.25015
-0.204305
0.0594291
-0.0705729
0.120611
0.0656748
0.119037
-0.086008
0.117891
0.19038
0.0801891
0.114559
0.0354502
0.175773
-0.145734
0.0868974
-0.19745
0.0201878
0.240666
0.14497
0.255941
0.256122
0.233666
0.27891
0.175912
0.0281153
0.0877123
-0.0232923
0.0810822
-0.0349363
0.148147
-0.0326565
-0.190803
-0.147496
0.0706516
0.146465
0.058569
-0.218204
-0.0104796
-0.135976
0.0164034
-0.0614352
-0.0803831
-0.0290499
-0.128248
-0.114516
-0.0382338
-0.0222316
-0.209389
0.161538
0.0106702
0.0619248
0.173357
-0.00660128
0.2176
-0.166615
-0.0382643
0.10159
0.0314714
0.139687
-0.156473
0.228084
0.047949
-0.139811
0.0528112
-0.178312
0.0823773
0.0579582
0.10738
0.132598
-0.240455
0.0538123
-0.0409932
-0.307271
0.0193832
-0.0227658
0.137707
0.0389273
0.0371382
0.0911756
0.183745
0.22653
-0.104129
-0.301688
0.0239089
-0.220947
-0.00824624
0.0564272
-0.133105
0.280217
0.206927
-0.106887
0.131107
0.164813
0.184594
-0.0893871
0.0287477
-0.00601682
-0.185425
0.083824
-0.00244438
0.00279999
0.085098
-0.135817
-0.010933
0.434128
0.0718404
-0.103945
0.111998
0.014602
0.0540883
0.010446
-0.192363
0.0349684
0.244492
-0.103025
-0.240852
-0.0474161
-0.162789
-0.0307013
0.0327446
0.0228351
0.128893
0.107127
-0.0870552
-0.329925
-0.0536725
0.0494866
-0.00152131
-0.162703
-0.137214
-0.233695
-0.0359253
-0.138138
0.16466
0.0770645
0.021444
0.0966516
-0.0107781
0.0539935
0.261425
0.0949341
0.148446
0.271913
0.174826
0.168121
-0.0165058
-0.161663
0.188205
-0.175783
-0.128459
0.137625
0.00493679
0.0598527
0.225692
0.231694
0.407741
0.204038
-0.225615
-0.413936
-0.288362
-0.0575423
-0.0327836
0.260367
0.375645
0.201474
0.0839916
0.407355
0.341472
0.290161
0.0719414
-0.149533
-0.296943
-0.26145
-0.0769896
-0.254572
-0.110394
-0.106978
0.28274
0.301711
0.438781
0.38154
0.378912
0.203708
0.037185
-0.158181
-0.108525
-0.255837
0.148919
-0.175507
-0.176051
0.185601
-0.256994
0.132931
0.2669
0.0620409
-0.0383555
0.0343118
-0.189249
-0.0767016
-0.111218
-0.0211093
-0.296124
-0.0874477
0.0452484
-0.0639182
0.097995
-0.131097
-0.215572
-0.114011
0.124891
0.110556
0.0418332
-0.101401
0.00333536
-0.12722
0.00707595
0.164564
0.230543
-0.305888
-0.235531
-0.162288
-0.102201
0.0511304
0.00375809
0.102067
0.360331
0.155506
0.12496
0.0861873
0.242163
0.260667
-0.210887
-0.32135
-0.266501
-0.37772
0.0709624
0.204701
-0.263989
-0.0717473
-0.261023
-0.212151
-0.0952772
0.0571073
-0.0928756
-0.338765
-0.177187
0.190678
0.0468435
-0.0667921
-0.0631657
0.00462532
-0.186224
0.0377886
-0.113547
-0.0743704
-0.226018
-0.0196775
-0.211563
-0.113883
-0.231908
-0.0916214
0.0763197
-0.201812
-0.152931
-0.252432
-0.0657403
-0.0888716
-0.0289091
-0.320547
-0.0588228
-0.13865
0.129802
-0.14176
0.0595225
0.157995
0.0394792
-0.0700105
-0.23064
-0.183969
0.0616873
-0.0999104
-0.214395
0.0246791
0.00425179
-0.106758
-0.05247
-0.124177
-0.125939
0.108338
-0.0683435
-0.228534
0.163707
0.0761846
0.02611
-0.253336
-0.249674
0.0285866
0.0987865
-0.0954349
0.125038
0.257158
-0.00317477
-0.257825
-0.179955
0.000141274
0.0926336
0.0567519
0.0392664
0.107605
0.20399
0.18989
0.0637387
-0.0299706
0.150235
-0.0966377
0.146317
-0.186486
0.0323132
0.120732
-0.0242534
-0.00746299
0.0665169
0.0430275
0.165379
-0.19131
0.00963343
0.22665
0.158449
-0.0378461
0.135185
-0.0180147
0.196219
-0.130403
-0.147735
-0.311616
-0.16242
-0.168642
-0.0293255
-0.140814
0.166881
-0.209503
-0.205004
0.170317
0.196594
0.0195933
0.00774085
0.0844923
-0.0101935
-0.246857
-0.278668
-0.278448
0.0371764
0.130487
-0.178615
0.103956
0.133475
-0.0324207
0.0416822
-0.186074
0.10875
0.155832
0.0930598
-0.0640075
0.101657
0.182744
0.041156
-0.146417
-0.0381175
0.0533882
-0.168246
-0.18756
-0.299515
-0.191124
-0.128762
0.195954
-0.067237
-0.232607
0.0759288
-0.151592
0.0713216
0.0405777
-0.235817
0.0900875
-0.258071
-0.0144628
-0.129809
-0.0962625
-0.0185545
0.0788677
-0.325864
-0.155788
0.0397802
0.0652077
0.147105
0.0955525
0.0282787
-0.128138
-0.0595692
0.16502
-0.1357
0.135498
-0.0781088
0.212198
0.0388361
-0.231789
0.0947401
0.200625
-0.195618
-0.120044
0.079247
0.0895519
0.0556693
0.0636863
0.0138599
-0.143993
0.0134455
-0.248141
-0.16266
-0.00145629
-0.0967919
0.0168507
0.123033
-0.151239
-0.0854567
-0.0562656
0.178699
0.0861253
-0.0774845
-0.161749
0.0561185
-0.163535
-0.0412097
-0.107636
0.150432
-0.224547
0.0197728
0.218915
0.229663
0.0622545
-0.0502316
-0.195256
-0.0751723
-0.105073
0.0906506
0.739514
0.0474851
0.100454
0.0265726
0.143788
-0.162471
-0.115492
0.180372
0.0740935
0.00221945
0.0837394
-0.0723839
-0.112592
-0.197724
0.0385108
0.20992
-0.0379967
0.0883322
-0.158128
0.0181244
-0.153156
0.105606
0.120007
-0.07201
0.0120703
-0.145042
0.0907438
-0.109773
0.0933001
-0.00181983
-0.0022562
0.239811
0.0601326
0.334342
0.351653
0.0235611
-0.0569814
-0.217378
-0.110632
0.0324478
-0.0970659
-0.145532
0.00652912
0.0991945
0.166451
-0.0566029
0.325268
0.257594
0.172628
-0.0351651
0.0319615
0.314238
-0.1948
0.0105502
0.184996
0.208716
0.157951
0.0971439
0.303418
0.367758
0.242994
0.0744029
0.0148208
-0.218516
-0.182186
-0.153404
0.0301493
0.34008
0.0601419
0.204941
0.438123
0.453604
0.402868
0.166896
-0.337897
-0.374653
-0.440025
0.136056
-0.112702
0.300792
0.382878
0.109099
0.154122
0.348784
0.251021
-0.132769
-0.123
-0.37805
-0.350422
-0.18562
-0.0371838
0.0255033
0.284467
0.220175
-0.108188
-0.133027
-0.108421
-0.196241
-0.273555
0.0121834
-0.400039
-0.0903368
-0.0830249
-0.0358826
-0.217913
0.171043
0.463654
0.0100642
0.0599636
-0.130406
-0.195849
-0.129707
-0.27698
-0.121777
-0.126928
-0.0170577
0.00122991
-0.208411
0.185279
0.130322
-0.122293
0.177398
0.0185967
-0.120864
-0.257038
-0.28621
-0.387954
-0.30061
-0.217529
-0.229713
-0.248207
0.410641
0.0429045
0.0895264
0.0135788
-0.0582461
-0.102167
-0.254204
-0.355502
-0.472019
-0.0217215
-0.323854
-0.207588
-0.0660413
0.218929
0.17268
0.241527
-0.261761
-0.0405238
-0.350959
-0.308164
-0.0391864
-0.229134
-0.230951
-0.0582216
-0.17372
0.0855125
-0.0496362
-0.00984586
-0.0520807
-0.199091
0.0346523
-0.213001
-0.457729
-0.0364773
0.0952268
-0.115427
-0.0125113
-0.180379
-0.0886916
0.292441
0.0736457
0.0377646
0.0783416
0.0563373
-0.0513722
-0.00431
-0.0317007
-0.164786
-0.0730148
-0.0705067
0.223917
0.150257
-0.0447412
0.0908209
0.176635
-0.110546
0.132999
-0.228142
-0.224008
0.164759
-0.140273
-0.164398
0.201262
0.244137
-0.0907341
-0.0499403
-0.0329989
-0.151626
0.0809684
-0.0866773
-0.211063
-0.32941
-0.0407106
-0.126683
0.0297952
0.0347735
0.164459
-0.24405
-0.106959
-0.0495917
0.0970619
0.010279
0.254325
0.0381245
-0.00833989
0.0418031
0.0261892
0.0620419
-0.298725
-0.230458
0.0385647
-0.0135642
-0.212532
-0.126359
0.0994618
0.28507
0.142024
-0.0944876
-0.115161
0.149434
-0.0582253
0.0558088
-0.000892391
0.145956
0.224183
-0.240649
-0.228351
-0.100199
-0.205554
0.0590898
0.00727552
0.0506042
-0.148479
-0.00571488
0.00168036
-0.250266
-0.200386
0.089134
-0.276547
-0.0250006
-0.215891
-0.398394
0.169777
0.110133
0.0737869
0.0534767
-0.376088
-0.345086
-0.384502
-0.0186409
-0.0200442
-0.329137
-0.040264
-0.0392089
-0.169634
0.108828
0.0785336
-0.214449
-0.0492729
-0.356793
-0.229357
-0.0453427
0.0792252
-0.130232
0.0223601
-0.318203
-0.320542
-0.12409
0.255411
0.135115
-0.028151
0.26243
0.105614
0.0909725
-0.018417
0.0549583
0.144548
0.031882
-0.0392491
-0.220209
-0.207974
-0.0155234
-0.0154019
0.248903
0.321811
0.194912
0.145593
-0.259687
-0.112837
0.198463
0.229394
-0.20499
-0.0718126
0.162872
0.16805
-0.0862716
0.30009
0.319064
-0.0209176
0.094938
-0.119076
-0.134399
-0.0354428
-0.186443
-0.0357314
0.0191033
-0.253806
0.165619
0.216728
0.331421
0.0924231
0.222219
-0.0541049
0.161125
-0.00499092
-0.167125
0.0086169
-0.0469959
-0.250533
-0.142102
0.175939
0.00284713
0.137427
-0.142018
-0.00969266
-0.0318982
-0.174638
-0.356632
-0.0507515
-0.452857
-0.0918745
0.0988822
0.0763841
0.0819022
0.176594
0.188766
0.244814
0.150053
0.113096
0.0410277
0.0974146
0.022742
0.252933
0.327182
0.103421
0.0590874
0.00712646
-0.0486113
0.081727
0.21298
-0.112829
-0.140261
0.234166
-0.103242
0.0211389
0.308344
0.0790435
-0.0901808
-0.155504
-0.270002
-0.161002
-0.0972584
-0.0893867
-0.0513213
-0.082369
0.230663
-0.0161245
0.282507
0.375447
0.00584911
-0.0276696
-0.239973
-0.310627
-0.248662
-0.0115833
-0.179479
-0.104794
0.262635
0.0200018
0.310211
0.314306
-0.0297315
-0.0660524
-0.128408
-0.176082
-0.23415
-0.295147
-0.057648
-0.136985
0.0197024
0.0773413
-0.00337875
0.378474
0.176573
0.20104
-0.149855
0.0655082
-0.20597
-0.426059
-0.208972
-0.0322172
0.0731746
0.28086
0.145039
0.208166
0.252633
0.0107545
-0.0475809
-0.0290198
-0.065292
-0.237214
-0.0249455
-0.288562
0.0610028
0.282246
-0.182203
-0.280292
-0.0946283
-0.0749134
-0.190332
0.028783
0.132622
0.273292
-0.056686
-0.0890949
-0.1991
-0.0957125
-0.108223
-0.149716
0.0491024
-0.239393
0.00346834
0.164266
0.0697582
0.284176
0.19291
0.262392
0.0827162
-0.0711154
-0.167121
0.246436
-0.268816
0.209594
0.225725
0.107295
0.110904
-0.15958
0.301352
0.102624
0.170453
0.424235
0.0088576
-0.115873
0.175649
-0.217363
-0.167932
-0.0633528
0.223579
-0.0498917
-0.244843
0.138145
-0.017981
0.233307
0.209505
0.165448
0.309721
-0.0722715
0.0211789
-0.137005
-0.0430639
-0.233759
-0.224516
-0.350382
0.190136
0.194711
0.221007
0.185949
0.118594
0.217554
0.0725533
-0.0643738
0.194483
-0.145747
0.0321064
-0.0802911
-0.278294
-0.0424179
-0.106339
-0.0681983
0.0538115
0.124832
0.287098
-0.115736
0.202989
0.00584787
-0.321193
-0.159705
0.0558813
-0.372652
-0.149019
-0.176932
-0.222929
-0.136678
-0.207667
-0.0624818
0.0942681
-0.203375
-0.0763984
-0.142888
0.0911771
-0.113759
0.0240746
-0.0862302
-0.225763
-0.00305276
-0.238838
-0.403384
-0.272953
-0.309894
-0.333716
-0.143105
-0.0667069
-0.0898205
0.0421085
-0.00729589
0.182867
-0.0476017
-0.269349
-0.0906923
-0.365553
-0.252328
-0.0821039
-0.00498975
0.0772409
0.104368
-0.0902026
-0.11233
-0.0776699
0.227733
0.0588317
-0.211147
-0.0522516
-0.16843
-0.425366
-0.341698
-0.0428622
-0.0395165
0.063709
0.137082
0.320623
0.0916128
0.233556
0.0641297
0.145353
0.242403
-0.124645
-0.14734
-0.196724
-0.264512
-0.136918
0.0389989
0.230643
0.364676
0.0350107
0.108539
-0.0287578
0.2722
0.412061
0.0835826
0.0897599
-0.099387
-0.155125
0.0820199
0.292873
0.0960187
0.0668125
0.217387
0.341435
0.220672
0.203444
0.284646
0.0384346
0.121216
-0.13821
-0.39486
0.00395007
0.0510579
-0.00672754
0.145507
0.239551
0.231269
-0.0630172
0.142892
0.279144
0.0615653
0.0358921
0.177127
-0.210333
-0.211272
-0.0907362
0.298814
0.120587
0.362076
0.094246
0.137519
0.236455
0.159437
0.353525
0.142603
-0.0798459
-0.241735
-0.381793
0.128711
-0.112387
0.116976
0.191489
0.166917
0.131458
0.090718
0.243385
0.16288
-0.0684869
0.24314
0.194175
0.0525099
0.00333466
-0.14852
-0.124914
0.220496
0.112309
0.0583305
0.0841123
0.134811
0.171822
0.143943
0.247694
0.0556816
-0.125626
-0.162721
-0.142996
0.0869029
0.102989
-0.0666908
0.117474
-0.108688
0.258964
0.101552
0.0606614
-0.0175057
-0.0363803
-0.00831616
-0.055111
-0.0518666
-0.0925336
0.00124485
0.101895
0.132419
0.26625
0.161389
0.234304
0.0068153
-0.0575535
-0.179152
-0.323271
-0.0341201
-0.124868
-0.0645927
-0.0442077
-0.0969336
0.053876
0.0896818
0.0249087
-0.242358
-0.157807
0.226721
0.00757834
0.021841
0.128389
-0.160498
0.224001
-0.102339
0.0630469
0.0828504
0.0149245
0.116911
-0.0160555
0.018777
0.107494
0.202789
0.247015
-0.139877
-0.066691
-0.169637
0.207197
0.178173
0.24184
0.0749737
0.0360996
-0.0552188
0.0785296
0.232033
0.211826
0.192399
0.0583757
-0.0468062
-0.101044
-0.0459302
0.00244544
0.185444
-0.0990679
-0.177718
0.132785
0.180128
-0.294016
0.131229
0.164982
0.171783
0.116975
-0.17404
-0.228836
0.136394
0.0976493
0.0418075
-0.279665
-0.145568
-0.247259
-0.0456908
-0.127654
-0.0745388
-0.253019
0.177449
-0.0931458
-0.128712
0.0946164
0.162092
-0.0150851
0.113186
-0.298385
-0.206181
-0.324895
-0.168436
-0.188504
-0.385718
-0.24987
-0.116407
-0.176591
-0.145225
0.00579655
-0.0904045
-0.0490329
0.0400728
-0.000580472
0.0209506
0.175048
0.0649113
0.00220381
-0.204743
-0.255994
-0.0843061
-0.12132
-0.0709878
-0.10948
-0.0249408
0.0782449
0.0630015
-0.181948
0.0322427
0.124436
0.011561
-0.278903
-0.125249
-0.145196
-0.117897
0.138712
-0.212589
0.214604
0.197424
0.0253154
-0.0278544
0.167991
-0.0423319
-0.0565274
-0.0386264
0.273625
0.103476
0.132225
0.178469
0.00911989
0.0163587
0.202436
0.116685
0.203183
0.0633251
-0.0204945
0.0762606
-0.108906
0.0453228
0.0803644
0.114722
-0.10286
-0.0825924
0.164199
-0.239564
0.161501
0.174543
-0.0490318
-0.218534
0.0842732
0.128368
0.0637387
0.0310191
0.0505686
-0.127774
0.143303
-0.22941
0.125415
-0.0233245
-0.101004
0.0391193
-0.0534409
-0.236851
0.0434572
0.146397
-0.116204
-0.0243294
-0.0588078
-0.209965
-0.234825
-0.138855
0.0894018
-0.00182488
-0.0258089
-0.211256
-0.310312
-0.16964
-0.0806242
-0.0890019
-0.271645
0.169343
-0.455691
0.205595
-0.0337683
-0.0919378
-0.0671822
0.0660803
-0.228203
0.194443
0.174142
0.149216
0.240052
0.158294
0.0592915
-0.0904757
0.165517
0.182781
0.00885033
-0.134168
-0.057457
0.142602
0.102863
0.306858
0.302612
0.305109
0.191646
0.201074
0.016519
0.179988
-0.0290689
0.0994704
0.106083
0.11236
0.02281
0.188539
-0.0417801
0.0999428
0.102863
0.250331
0.367103
0.148764
-0.0358629
-0.414196
0.132292
0.138599
0.166448
0.165032
0.108421
0.215345
0.262471
0.0862876
0.0705454
-0.147905
0.0186957
0.0429703
-0.147788
-0.168487
0.134801
-0.125548
0.0251346
0.020716
-0.109804
0.0658077
0.165447
0.0821105
0.0334865
0.32154
-0.349737
0.0487081
-0.0884211
-0.296598
-0.289409
-0.293708
-0.197092
-0.0830076
-0.0795728
0.247978
0.0880813
0.389212
0.178754
-0.235856
-0.053573
-0.171179
-0.462471
-0.152808
-0.317156
-0.11137
-0.126886
0.159967
0.565762
0.277634
0.121286
-0.0182304
-0.34773
-0.254777
-0.236173
-0.228233
-0.301536
-0.00115149
-0.08306
0.22039
0.247523
0.3524
0.269269
0.26028
0.0981703
-0.398476
-0.255757
-0.0937336
-0.265371
-0.268641
0.0842337
0.15495
0.0491254
0.350968
0.0348958
0.0837032
0.153694
0.112906
-0.0102693
-0.089099
-0.210888
-0.292399
-0.153848
0.0233511
-0.11285
0.0379383
0.219272
0.234609
0.325435
-0.118476
-0.0340992
0.102016
0.0537426
-0.118576
-0.0869288
0.0551924
-0.201709
-0.103267
-0.0712434
0.0835967
0.228404
0.0172426
0.0745381
0.0457524
-0.107978
-0.173427
-0.177805
0.0895977
0.19801
0.0978437
0.129727
0.0397589
-0.0971289
-0.0398428
0.126201
-0.0179622
0.0775727
-0.147121
-0.0952755
-0.230148
0.0777317
0.222944
0.109213
0.347893
0.28765
-0.0813864
-0.140996
0.0174313
0.0233493
-0.109116
0.405738
-0.0318443
0.11001
-0.206249
-0.195336
-0.107681
-0.152194
0.0612911
0.0345601
0.0326307
0.139932
0.0688903
0.00393842
-0.153314
-0.225633
-0.108656
0.0506231
-0.110327
-0.210202
-0.191354
-0.170308
0.0887523
0.0532742
0.168324
-0.0408029
0.173367
-0.00603105
0.0334057
-0.202695
-0.0568568
-0.176015
-0.249346
-0.107156
-0.256621
0.0173618
-0.14818
-0.0722407
-0.0997046
-0.276987
0.00425055
-0.236907
0.117411
0.175486
-0.351315
-0.208115
-0.103994
0.0349969
-0.159822
0.072924
-0.0386041
-0.0161463
-0.266038
-0.170965
0.0755176
0.263836
0.138997
-0.147129
0.0256449
0.0164243
0.268595
-0.0105085
0.294008
-0.102269
0.0513038
-0.0354157
0.131611
-0.00767124
-0.0587633
-0.190075
-0.0898451
0.138125
0.170972
0.196143
0.314991
0.207316
0.120026
0.277412
-0.233675
0.0340196
-0.113678
-0.106155
-0.157784
0.160454
0.00282864
0.112824
-0.0451449
0.332201
0.334702
0.245494
0.182483
-0.0160882
0.0321725
0.0747247
0.0966609
0.00498658
0.00288813
-0.227503
-0.198296
-0.238062
-0.158846
0.0956286
0.080415
-0.0766818
0.108932
-0.164862
0.157029
-0.232451
0.124955
-0.390182
-0.0701521
-0.206511
-0.340658
0.0582954
-0.31535
0.0106867
-0.275537
-0.138094
0.260791
-0.0148028
-0.0425534
0.0522816
-0.00344215
-0.030069
-0.0211734
-0.177563
-0.121727
-0.305537
-0.172834
-0.0483046
-0.205351
0.0955318
0.176028
-0.0770075
0.217817
0.0735334
0.156705
-0.147731
-0.267081
-0.129888
-0.0622534
-0.223808
0.142021
0.238226
-0.00813038
-0.144631
0.154159
0.122821
-0.060588
-0.059189
0.0155021
-0.118957
-0.136924
-0.305346
-0.269742
0.0745483
0.246322
0.208102
-0.156528
-0.199967
0.00796293
0.0622759
0.126622
0.344804
0.230412
-0.0159861
-0.114624
0.0668498
0.0730528
-0.0977893
0.0658397
0.219414
0.224407
0.0563154
0.0841654
0.0063197
0.0745884
-0.027572
0.098666
0.0573852
-0.0291932
-0.176258
-0.221745
-0.169764
-0.113837
-0.166217
0.000418233
-0.0515213
-0.209135
-0.0188745
0.157141
0.234255
0.12516
0.00245177
0.225823
-0.156553
-0.2092
-0.386088
-0.190064
0.00690533
-0.21765
0.147017
0.16448
0.0169199
0.129564
-0.0915663
0.102679
0.149585
-0.0594347
-0.269412
-0.0480039
0.0521325
-0.124683
-0.130866
-0.151448
0.20085
0.0631161
-0.213356
-0.239413
0.0468424
-0.0329367
0.0352104
-0.345526
-0.265417
0.227824
-0.155105
-0.140751
-0.156146
-0.0185755
-0.184683
-0.534818
0.12152
0.143809
0.067432
0.132371
-0.105398
-0.304412
0.00644696
0.267201
-0.0158741
-0.229771
0.0283817
-0.347781
-0.015914
-0.321914
0.292945
0.209581
0.218399
0.0534606
0.120172
0.2968
-0.0721588
0.26702
-0.0732292
0.0319562
0.145227
0.0174058
-0.139476
0.107676
-0.151838
0.194458
0.179289
0.0646163
-0.0965801
0.164489
-0.15095
0.0576022
-0.194072
-0.173815
-0.181843
-0.164768
0.27769
-0.0816086
0.00183099
0.1147
0.0532857
0.050891
0.130987
-0.0149245
0.216102
0.152075
0.339113
0.248876
-0.0801592
0.102579
0.0442099
-0.0119324
-0.0502598
-0.0134859
0.0822248
-0.038765
-0.0435153
0.0104029
-0.234766
0.200861
-0.0341414
0.0230917
0.150405
0.0438935
-0.0874038
-0.173411
-0.238141
0.122929
-0.172878
-0.0112368
-0.246306
-0.10955
0.177223
0.239677
0.0109578
-0.170546
0.0464726
0.0788241
-0.310012
-0.118266
-0.251272
-0.00224319
0.105359
-0.276444
-0.113934
-0.201663
0.201558
-0.0476207
0.0410534
0.134077
0.0395477
-0.0192906
0.119267
-0.0225321
-0.232769
-0.358404
-0.29642
-0.133208
-0.109741
-0.147818
-0.16821
-0.0130246
0.0124286
-0.0734786
-0.00932208
-0.123836
-0.0554553
-0.197622
0.0928021
0.0203075
-0.0609389
0.0119157
0.264315
-0.10506
0.101796
0.0459847
-0.18493
-0.0182228
0.166638
-0.036558
-0.192717
-0.0937725
0.124737
0.102365
0.206841
-0.0443023
0.227575
0.229288
-0.0560599
-0.166027
0.0135908
0.203995
-0.146337
-0.120878
0.0207934
0.0174336
0.144809
0.0119987
-0.0670054
-0.0487479
-0.247276
0.0209624
-0.0920415
-0.107384
-0.135489
0.15538
0.0604182
-0.136437
-0.139105
-0.137148
0.189526
-0.129028
-0.173616
-0.272634
-0.0728474
-0.146668
0.0723407
-0.191895
-0.101099
-0.0704538
-0.0787812
-0.137522
0.23939
0.0271612
-0.14524
-0.189249
-0.196432
-0.175773
-0.0557298
0.0529706
-0.0212741
0.0742347
-0.104193
-0.188583
0.08886
-0.242807
0.140908
0.0235294
0.161247
0.102994
0.196723
0.232715
-0.122587
0.0938985
-0.0860698
-0.132197
-0.0711176
0.150372
0.0932388
-0.12021
0.0242767
0.0967962
0.0879897
0.0579793
0.0283454
-0.132536
-0.0026673
-0.0155656
-0.198187
-0.29667
-0.0671955
-0.18619
0.0198763
-0.209381
0.0929076
0.143448
-0.0981139
0.182318
-0.0520146
0.174308
-0.193725
0.101879
-0.169291
-0.126534
-0.0525409
-0.0702154
-0.216156
0.142578
0.0613925
0.208496
0.132568
0.168364
0.107563
0.117032
0.145744
-0.134464
-0.201042
-0.0460865
-0.258601
-0.174672
-0.0460399
-0.0842275
0.00313185
0.14144
0.128608
0.145813
-0.0406941
-0.0192575
0.2029
0.0797103
-0.0726155
-0.173047
-0.0400162
-0.0633845
-0.0533543
0.0461208
0.162982
-0.0255097
-0.0591777
0.213229
0.114592
-0.119652
0.212135
0.331439
0.198303
0.0948743
-0.15007
-0.0336198
-0.085164
-0.326766
-0.172462
-0.214608
-0.139822
0.147669
0.0718966
0.254043
-0.0973026
0.268029
0.0974284
-0.201342
-0.12157
-0.301606
-0.303429
-0.326066
-0.275456
-0.139852
-0.591675
-1.54864
0.773296
-1.7146
-1.6902
1.31972
-1.81798
-1.31101
1.18223
1.30771
1.4267
-1.58424
1.25852
-1.85187
-1.84366
1.43243
-1.69023
-1.31414
-1.84345
-1.48786
-1.04625
1.56323
1.49419
-1.59807
-1.36046
-1.46121
1.42481
-2.05573
1.21265
-1.18509
-1.83591
-1.81354
-1.32586
-1.37841
0.804969
-1.85719
-1.15729
-1.98984
-1.66337
1.53824
1.42764
-1.19288
1.45129
-1.46932
-1.49765
-1.15072
