3
81 45 1 sigmoid
cross-entropy

-0.758863
-0.0296309
-0.0257629
-0.0724551
-0.744132
-0.704163
-0.243836
-0.492143
0.336698
0.0519535
-0.240755
-0.288723
-0.638541
-0.225286
-1.31317
-0.693366
-0.439854
0.0824384
-0.106554
-0.326029
0.115981
0.0686513
-0.635861
-1.44721
-0.135302
-0.610191
-0.000489903
0.167316
-0.12179
0.465586
0.263589
-0.450456
-1.14028
-0.355634
-0.784426
-0.148057
-0.428464
-1.00825
-0.243372
-0.399985
-0.643736
-0.99971
-0.0415635
-0.0209003
-0.302292
-0.345165
-1.22191
-0.117062
0.176197
-0.354859
-0.110679
-0.60165
-0.310245
-0.722147
-0.771118
-0.854899
0.175364
-0.6145
-0.34583
-0.545902
-0.927358
-0.543103
0.089266
-0.358924
-0.268815
-0.337214
-0.713212
-0.327035
-0.338856
-0.151129
-0.153096
0.0598332
-0.292105
-0.233541
-0.552632
-0.816713
-0.583163
-0.303223
0.205745
-0.0153704
-0.472026
-0.31389
5.35086
-0.162175
-0.205552
0.0938681
-0.0277137
0.15877
-0.351843
-0.116796
-0.130485
-0.347408
0.124918
-0.0825746
0.0779052
0.570662
1.01934
0.504839
0.0166934
0.012892
-0.195562
-0.218012
0.0490622
0.193389
0.33087
-0.673139
-0.401194
0.00417127
-0.116207
-0.0898382
-0.384664
-0.386395
0.662896
-0.0799934
-0.0780419
-0.997598
-0.379717
-0.0604764
-0.184574
-0.268659
-0.533421
-0.216179
-1.286
-1.00521
-0.488044
0.191278
0.206551
0.146638
-0.215496
-0.603398
-1.28236
-2.75117
-1.4795
-1.08529
-0.0809609
0.117187
0.12701
-0.145965
-0.346392
-1.32523
-1.6228
-1.65525
-1.12299
-0.376332
-0.249247
0.0273088
-0.105409
-0.164124
-0.62796
-1.57699
-1.12361
-0.391833
-0.683418
-0.0466362
0.0467307
-0.352361
-0.10268
-0.49073
-0.419552
-0.653256
-0.402864
-0.0722861
0.00579371
-0.287548
7.2268
0.134194
0.249954
0.40249
0.120719
0.384469
0.125022
0.292236
0.278236
0.00836367
0.279426
0.383318
0.263604
0.605489
0.332129
0.377264
0.289042
0.373086
0.142679
0.230997
0.395174
1.08382
1.2421
0.235533
-0.684233
-0.729811
0.25863
0.302309
0.501844
0.027823
0.460621
0.610634
0.312461
-0.6476
-2.20058
-2.15476
0.0661948
0.305007
1.46347
2.03417
0.730594
-1.22633
-1.37572
-2.95748
-4.03867
0.0130206
0.439095
1.02869
4.11423
2.95618
-0.0141414
0.211475
-1.72986
-0.447185
0.155984
0.565748
0.964696
1.24471
0.95218
-0.901883
0.461582
0.432657
0.517033
0.242063
0.205325
0.495357
0.615984
0.457341
0.660039
0.715716
0.779806
0.0651664
0.234723
0.0518944
0.416011
0.205466
0.278656
0.231489
0.247323
0.171819
0.247518
0.0970421
-0.57964
-0.460374
-0.295391
0.124111
0.0277367
0.0337997
-0.391116
0.131703
-0.409606
0.0287631
-0.633577
-0.679176
-0.626759
-0.206278
-1.5569
-0.676447
0.200884
-0.194393
-0.187004
-0.440844
-0.925093
-0.222794
-0.286847
-0.486797
-0.741697
-0.0073328
0.0360049
-0.268626
-0.511717
-0.636299
-0.0909169
-0.644795
-0.524225
-1.83991
-0.969991
-1.06101
0.0303431
-0.190996
-0.4939
-0.388541
-0.345971
-0.911682
-0.953029
-1.19225
-1.3303
0.344004
-0.0300856
0.108149
-0.0423432
-0.0942512
-0.959157
-0.487301
-0.11302
0.201484
-0.514926
0.0651097
-0.377562
-1.07517
-0.409359
-0.488808
-1.17628
-0.162695
-0.660679
-0.452259
-0.25745
-0.52893
-0.361755
-0.249315
-0.52871
-0.114731
-0.497404
-0.31982
-0.528713
-0.357228
-0.447312
-0.812377
-0.755999
-0.517641
-0.278547
-0.571835
-0.0403672
0.0388433
-0.692925
-0.589842
-1.24742
-1.01587
-0.978705
-0.779626
-0.22625
0.211071
0.250425
-0.0424661
-0.876749
-1.26711
-0.745063
-1.17716
-1.11577
0.253033
0.271356
-0.30808
-0.128491
-0.361966
-0.685106
-1.02832
-0.721051
-0.91567
-0.0986103
-0.0613253
-0.722825
-0.0102353
-0.398394
-0.563363
-0.72448
-1.29863
-0.55026
-0.318205
0.261417
0.129511
-0.311396
-0.522415
0.0294618
-0.299787
-0.623793
-0.0249781
-0.269374
-0.0807406
-0.809801
-0.738316
-0.325124
-0.339797
0.0614246
-0.480931
-1.01567
-0.628473
-0.945253
-0.564803
-0.961869
-0.667322
-1.05977
-0.67302
-0.0905221
-0.731271
-0.309772
-0.120962
-0.23647
-0.181633
-0.40835
-0.444857
-0.195534
-0.0796262
-0.56134
-0.372712
-0.335136
0.0693726
-0.542274
-0.115531
-0.486016
-0.129803
-0.168288
0.0179988
-0.785643
-0.474233
-0.468776
-0.386974
1.44493
0.0127834
-0.011991
-0.00524748
-0.170083
0.00585153
-0.0201538
0.0334691
-0.145021
0.118204
0.120621
-0.171526
0.0246493
-0.900375
0.459187
-0.0562659
-0.258319
-0.0536929
-0.107563
-0.0819039
-0.864608
1.40595
1.68353
3.11347
0.782931
0.478293
-0.329763
0.0801051
-0.11003
-1.30143
5.04984
-0.118361
-0.113695
-3.68009
-0.324715
-0.0170177
-0.049795
-0.0449103
-1.6212
3.38453
-1.96467
-1.38129
-3.07785
1.17208
-0.875811
-0.468987
-0.0863467
0.780127
0.00309548
-2.73203
0.058315
-1.14404
1.08037
0.0470626
0.0149001
0.10306
0.193881
-0.396872
-1.49406
1.56325
-0.458142
0.000421109
-0.194972
-0.192724
-0.0138638
-0.211633
-0.302236
-0.155963
-0.0103088
0.328308
-0.213318
-0.103353
0.0736411
-0.0109768
-0.0692675
-0.153123
-0.0597015
-0.134824
-0.00646322
-0.178443
-0.0554015
0.250526
-0.301902
-0.20439
0.0541209
0.0478048
0.0599425
-0.324353
-0.466502
-0.309503
0.121553
-0.417822
-0.518911
-0.249479
-0.175698
0.358577
-0.783577
-0.586154
-1.00276
-1.12026
-0.504794
-0.239203
-0.9014
-0.528237
-0.506463
-0.999592
-1.22107
-1.00427
-1.20435
-0.237804
-0.192532
-0.364735
-0.352053
-0.14762
-0.794101
-0.602399
-0.781025
-0.160742
-0.649821
0.0979279
-0.459321
-0.599228
0.107904
-0.621329
-0.19446
-0.168158
0.00201952
-0.515382
-0.727984
-0.24947
-0.730445
0.326391
-0.839327
-0.737166
-0.843755
-0.29067
-0.560105
-0.341331
-0.498654
-0.658393
-0.435415
-0.0858617
-0.326029
-0.865498
-0.389992
-0.389676
-0.266688
-0.381869
-0.0548359
0.282917
0.343659
0.522856
-0.333961
-0.119989
-0.507701
-0.150158
-0.55649
-0.15638
-0.434377
-0.190315
-0.841206
-0.0765319
-0.0200252
-0.0533835
-5.08587
-0.117397
-0.32871
-0.25343
-0.729889
-0.598901
-0.286422
-0.230572
-0.207745
-0.103973
-0.119184
-0.353706
-1.27323
-0.968563
-1.44767
-0.576962
-0.452127
-0.470314
-0.117736
-0.0985371
-1.71961
-0.982446
-0.390255
0.295601
-1.12621
-1.2364
-0.718029
-0.245758
-0.223216
-0.27946
-0.385279
3.0732
3.47602
-0.594314
-1.00806
-0.153751
-0.298698
-0.20737
-1.06003
-0.347419
1.1637
4.03143
0.0175488
-1.65365
-0.206469
-0.323771
-0.346629
-0.367002
-0.221758
-0.644848
1.1503
-1.03266
-1.55476
-0.580813
-0.310076
-0.116927
-0.175923
-0.849564
-1.9257
0.901181
-1.79027
-1.88852
-0.364154
-0.323726
-0.170891
-0.210625
-0.305295
-0.335865
0.57611
0.0909838
-0.0496487
-0.29176
-0.189173
-0.126561
-0.0795505
-0.250925
-0.26202
0.0575447
-0.281089
-0.101587
-0.404097
-0.170322
-0.631947
-0.425737
-0.468919
-0.116905
0.483277
0.0196716
0.0545502
-0.291781
-0.0367655
-0.0558773
0.0980504
-1.02289
-1.01646
-0.719155
-0.209465
-0.150297
-0.0578209
0.112105
-0.144846
-0.61183
-0.152188
-0.442646
-0.656348
-0.267227
-0.698627
-0.883464
-0.688157
0.153934
-0.437603
0.189324
-0.199126
-0.918647
-0.419224
-1.26623
-1.15712
-0.660733
-0.197974
-0.350436
-0.273678
-0.744561
-0.422273
-0.988373
-1.00015
-0.892801
-1.1036
-0.0680747
-0.972002
-1.24874
-0.122403
-0.0148341
-0.0627375
-0.155003
-0.501824
-0.101004
-0.300703
-0.458319
-0.86866
-0.428814
0.405279
0.369217
-0.217509
-0.449071
-0.161782
-0.385353
-0.420151
-0.521935
0.244038
-0.2482
0.182785
-0.39455
-0.133151
-0.796516
-0.75355
-0.507619
-0.7662
-0.0170731
-0.188714
-0.41883
-0.08715
-0.156606
-0.854619
-0.633348
-0.811785
-0.465055
-0.0144486
-0.228801
-0.526847
-0.517082
-0.189667
-0.463513
-0.267554
-0.52937
-0.393806
-0.984815
-0.923425
0.0322927
-0.24106
-0.547842
0.0612186
-0.436689
-0.634228
-0.691805
-0.508859
0.0407273
0.348484
0.0761842
-0.26048
-0.627248
-0.249702
-0.481445
-0.565651
-0.21501
-0.103126
-0.619258
-0.0233055
-1.22172
-0.0352936
0.313538
-0.344909
0.169356
0.283294
-1.14336
-0.568298
-0.401589
-0.945093
-0.971087
-0.398409
-0.595207
-0.170962
-0.38694
-1.01951
-0.434646
-0.3367
-1.50123
-1.1685
-0.945093
-0.485955
-0.551353
-0.53694
-0.852034
-0.200831
-0.400772
-1.38689
-0.160668
-0.287385
-0.289346
-0.316548
-0.203967
-0.147222
-0.103248
-0.291866
-0.312177
0.0219777
0.187586
-0.0799656
-0.478431
-0.403203
-0.397805
-0.164779
-0.0444887
0.0996475
0.469347
0.164163
-0.253738
-1.08605
-0.208727
-0.280691
-0.161003
-0.70956
0.141436
-0.285015
-0.537006
-0.507282
0.0196964
-0.183129
-0.563472
-1.78272
-1.71748
-0.301608
-0.498353
-0.841042
-0.648308
-0.267916
-0.226305
1.25317
-0.504561
-1.48544
-2.15743
0.304313
-0.459194
-0.89272
-0.53551
-0.833596
-2.055
-0.499501
-0.659214
-0.853565
0.370456
0.077934
-1.14921
-0.331687
-1.0317
-0.743852
1.72946
1.70765
0.355406
-0.0886677
0.556289
-0.27236
-0.219781
-1.13926
-1.42603
0.182195
0.701439
-2.22471
-3.49598
-1.6394
-0.32058
-0.646523
-0.82367
-0.713298
-0.733362
-1.57014
-2.70917
-2.42271
-0.813155
0.366648
-0.152298
-0.35075
-0.473934
-0.148103
0.189645
0.661542
0.391244
0.225599
-0.224885
-0.303126
0.273822
0.08595
-0.841072
-0.295886
0.15045
-0.414591
-0.133308
-0.314596
-0.0478305
-0.471058
-0.529515
-0.594135
-0.412979
-0.722465
-0.365195
-0.795059
-0.846721
-0.462241
-0.633754
-0.0503619
-0.688098
-0.592721
-0.832878
-0.303575
-0.53506
-0.412053
-1.09387
-0.57842
-0.113287
-0.0126285
-1.13926
-1.01951
-0.344036
-0.665751
-0.0389554
-0.305202
-0.284228
0.126166
0.271793
-0.22638
-0.801282
0.15911
-0.330436
0.192582
-0.37337
-0.313182
-0.174627
0.227816
-1.30239
-0.281103
0.0724358
0.0412719
0.16091
-0.42056
-0.154628
-0.172721
-0.623932
-0.143745
-0.178512
-0.0254735
-0.640827
-0.427105
0.160151
-0.34123
-0.157851
-0.738632
-0.806344
-0.478707
-0.378898
-1.85719
-1.15328
-0.716988
0.079017
0.0390252
-0.420533
-0.894599
-0.692319
-0.517681
-1.1057
-0.685284
-0.0736153
-0.409478
0.180271
-0.54101
-0.132576
-0.583168
-0.816601
-0.213256
-0.436468
-0.0925878
0.0719657
-0.25846
-0.174682
0.0537598
0.124332
0.256051
0.0140442
-0.00094264
0.0758116
-0.188923
-0.325728
0.0617659
0.159483
0.378829
-1.86423
-0.677414
0.0689525
0.0640695
-0.0605904
0.0109399
-0.029545
2.91194
0.874459
-1.62589
5.44633
0.282671
0.285497
0.265783
0.200784
-0.129914
-2.34639
-2.60346
-2.50654
1.27553
0.740637
-0.333738
1.54914
0.165241
0.0502519
0.779716
2.28301
-0.307988
-0.157422
0.146171
-0.656096
-0.138009
0.383399
-0.248855
0.508679
2.35175
0.661125
0.195599
-0.0462298
-0.937502
0.0171335
0.152838
-0.151442
-0.47812
-0.713742
-1.06171
-0.00382188
1.55203
0.227627
-0.06247
0.264599
-0.11262
0.0587779
0.122204
0.358645
0.165252
0.33761
0.648138
0.061848
-0.00625892
-0.270961
0.0330233
-0.123049
0.434096
-0.000987779
0.179768
0.10857
-0.0310053
-0.393928
-0.686525
-0.44822
-0.495371
-0.446158
-0.187928
-0.408613
-0.333137
-0.355915
-0.182842
-0.0687159
0.257086
-0.325372
-0.242474
-0.537518
-0.465668
-0.564257
-0.262241
-0.158962
-0.266774
-0.379227
-0.751564
0.0407551
0.179349
0.0265793
-0.0910749
-0.504038
-0.948788
-0.0980056
-0.181
-1.086
-0.677545
-0.447601
-0.27661
0.199547
-0.210916
-0.877424
-0.391207
-0.179402
-0.219908
-0.387748
-1.0435
-0.272122
0.079926
-0.384703
0.00646679
0.00132829
-0.651807
0.266559
0.0811824
-0.993881
-0.482655
-0.660935
-0.266766
-0.475092
0.152066
-0.318307
-0.130605
-0.184907
-0.329993
-0.0550189
-0.793622
-0.492909
-0.749308
0.121423
-0.259362
-0.470021
-0.292582
-0.647447
-0.396429
-0.21365
0.00875361
-0.667882
-0.484358
0.00454081
-0.101592
-0.254191
-0.215938
-0.126102
0.179047
-0.202104
-0.479613
-0.432756
-0.306704
-0.390573
-0.211225
-0.0466764
0.086792
0.0714647
0.230423
0.277359
-0.2668
-0.378597
-0.475078
-0.411638
-0.223654
0.0292259
0.0487246
0.40447
-0.27144
-0.269748
-0.798875
-0.494293
-0.169174
-0.701854
-0.577377
-0.0866759
-0.356974
-0.228853
-1.01277
-0.950467
-0.229497
0.163695
-0.252326
-1.13426
-1.05635
-0.661814
-0.494292
-0.881598
-0.939866
-0.690882
-0.0642255
-0.672849
-0.825856
-1.31965
-0.631449
-0.843996
-0.655038
-0.838861
-0.487071
-0.038297
-0.390561
-0.321127
-1.26747
-0.842888
-1.34333
-1.15065
-1.45031
-0.344342
-0.378963
0.21424
-0.516033
-0.561107
-1.59547
-1.11368
-1.52305
-1.31953
-0.146773
-0.294057
-0.0403386
-0.010741
-0.674694
-1.15394
-1.02374
-1.07006
-0.586641
-0.322764
0.0596682
-0.0726093
-0.191512
-0.492198
-0.556655
-0.522207
-0.712449
-0.759401
-1.10508
-0.224207
-0.425035
0.0370263
-0.844814
-0.38677
-0.570964
-0.529023
-0.722939
-0.199347
0.191504
0.206972
0.211873
-0.641238
-0.385274
0.082657
-0.557229
-0.340872
-0.213333
0.0420397
-0.752476
-0.63136
-0.588392
-0.773228
-0.397976
0.00924458
-0.0227498
-0.258674
-0.364075
-0.407771
-0.432383
-0.456908
-0.494277
-0.834835
-0.646705
-0.218305
0.300947
-0.114328
-0.202522
-0.212904
-0.144898
-1.11216
-0.769651
-1.07946
-0.573957
0.344515
-0.752638
-0.463957
-0.165911
-0.349874
-0.671922
-0.857956
-1.27218
-0.849534
-0.00702068
-0.455701
-0.706183
0.113371
-0.96473
-0.669218
-1.07075
-0.729378
0.166073
0.439916
-0.196449
0.0228378
0.0341893
-0.461231
-0.687012
-0.439792
-0.400134
-0.118119
0.110108
-0.273836
-0.0916716
-0.224457
-0.557517
0.00612369
-0.309744
-0.0506954
-0.130559
0.134026
-0.0738124
0.236449
0.231691
0.276653
0.303489
0.477233
0.315554
0.378997
-0.0269739
0.366382
0.164123
0.137756
0.54634
0.250687
2.79803
0.086681
0.613625
0.312459
0.272394
0.373041
-0.0418252
0.957202
-0.850925
-0.739698
-1.0416
-0.6683
0.523385
0.585168
0.206144
1.8385
2.20705
-0.551672
-1.28282
0.552672
0.222498
0.831556
0.314828
0.271743
-0.327918
0.472603
-4.64145
-3.46027
2.06803
-0.861306
3.04556
0.764591
0.236278
0.91743
0.741433
-1.42147
-0.465063
1.47549
-4.80445
0.704115
0.238494
0.385565
0.395448
0.908684
-0.552606
0.121956
0.459183
-0.836222
0.630365
0.192683
0.531067
0.368276
0.361412
-0.123682
0.422354
0.283577
-0.0798445
0.356383
0.383137
0.17665
0.229211
0.0771148
0.08116
0.408646
0.0753593
0.40308
0.128886
0.163655
-0.960732
-0.0566613
0.135834
-0.317284
-0.299423
-0.02715
-0.0241527
0.0900981
0.0357249
-0.325096
-0.090382
0.207333
-0.290195
-0.698585
-0.306734
-0.753134
-0.853324
-0.159168
-0.525364
-0.447353
-0.395529
-0.827563
-0.84009
-0.50237
-0.654232
-0.522147
-0.193519
0.235157
-0.660229
-0.730532
-0.0307245
-0.732121
-0.561962
-1.00129
0.0994449
-0.152164
-0.245836
-0.323981
-0.285117
-0.101806
0.0849184
0.0720534
-0.620465
-0.0288802
-0.865829
-0.465195
-0.177029
-0.546763
0.113623
0.144816
-0.328929
-0.783166
-0.201007
-0.457574
-0.183218
0.195748
-0.0910425
-0.213044
-0.0600141
-0.569121
-1.02301
0.217331
-0.643464
-0.052313
-0.332316
-0.729428
-0.737471
-0.38763
-0.797785
-0.454415
0.197646
-0.142701
-0.0788154
-0.586145
-0.584236
-0.589042
-0.445811
-0.253766
-0.490438
-0.392446
-0.339729
-0.444989
1.8202
-0.0077569
-0.0164938
0.11867
0.40183
0.359763
-0.0720578
0.12851
0.0506474
-0.104723
0.0653734
0.0284465
0.671262
0.728091
0.173061
0.28303
0.140485
0.136331
0.0877707
0.0346405
2.8744
-0.0650286
0.268171
0.322237
0.856057
0.705101
0.272848
0.00696957
0.42932
4.73641
-3.29187
-0.794211
0.167128
-1.70509
0.69419
0.049097
0.219439
0.258776
2.3084
-2.6299
-3.32489
-1.5166
-1.2756
0.906061
0.0957586
0.265757
0.258257
0.995991
-2.30989
-2.90979
-2.58713
-0.0245379
0.571136
0.912895
0.168674
0.19771
0.279464
-0.702979
-2.25655
-3.27619
-0.213953
0.628723
-0.0486217
0.0612823
0.122999
0.0166074
0.0249771
-0.139727
-0.0479804
0.664913
-0.334368
0.121585
-0.242322
-0.0375189
-0.0666522
0.0239157
0.117288
0.155077
0.112328
0.114348
0.00287067
-0.052867
-0.0384555
-0.145997
-0.259929
-0.116702
0.045555
0.274373
-0.0894896
0.189999
-0.331725
-0.529511
-0.134428
-1.00811
-0.114685
0.373993
0.347089
0.239169
-0.566683
-1.03453
-0.538218
-0.261499
-0.510656
0.0922512
0.687445
-0.0971547
-0.350029
-0.626971
-1.55961
-0.281192
-0.706106
-1.04031
-0.527714
-0.278362
-0.0764445
-0.574161
-0.4103
-1.4171
-0.782842
-0.994948
-1.31369
-1.10609
-1.022
-0.240672
-0.0787007
-0.278682
-1.17531
-0.378538
-1.40928
-1.51403
-0.984075
-0.657359
-0.0665589
0.0824837
-0.187254
-0.671389
-0.398902
-0.905953
-0.774804
-1.11638
-0.723269
-0.457984
-0.665276
0.208012
-0.501291
-0.164049
-0.204572
-0.406888
-0.595355
-0.672877
-0.828413
-0.618585
-0.306972
0.00978051
-0.628276
-0.0669251
-0.847636
-0.664674
-0.666909
-0.75473
-0.960618
-0.619289
-0.098394
0.132077
-0.487042
0.258254
-0.0418183
-0.00315153
-0.631633
-0.381239
-0.880229
-1.1797
-0.576577
-0.369976
0.0320309
0.234402
-0.300114
-0.585932
-1.12617
-0.67449
-0.921799
-0.901735
-0.445494
-0.109285
0.294143
-0.113964
0.216698
-0.390414
-0.0776501
-0.0571299
-1.06082
-0.120459
-0.609803
-0.18078
0.215459
-0.325689
-0.166827
-0.661329
0.0863207
-0.884915
-0.161579
-0.457533
-0.153286
-0.473675
-0.61939
-0.822623
-0.174457
0.236081
-0.883082
-0.246475
-0.359816
-1.07645
-0.491425
-1.04595
-1.10709
-0.597109
-0.212121
-0.418905
-1.06301
-0.63141
-0.977896
-0.178831
-0.662966
-0.5469
-0.0118479
0.112753
-0.32386
-0.850603
-0.221859
0.048071
-0.0699087
0.29131
0.285991
-0.185701
0.231828
-0.222793
-0.650383
-0.356703
-0.284957
-0.0059386
-0.354696
-0.0587054
0.0667705
-0.278652
-0.157847
-0.653202
-0.693151
0.376255
0.473645
0.128176
0.274442
0.422481
0.260687
0.303829
0.355411
0.646769
0.14227
0.139527
0.105133
0.063264
1.80405
0.495704
0.109845
0.241654
0.283842
0.325466
0.230081
-0.0538778
-2.60483
-2.65766
-1.52336
0.684599
0.109931
0.224613
0.090279
-3.06313
-1.71131
-1.13049
-0.446297
-2.74887
-0.350799
-0.496354
0.00163456
-0.0937878
-0.012648
1.9964
3.00435
3.13177
-0.30435
-0.62905
0.442028
0.553722
0.00584401
-0.867527
-0.345878
-0.459284
0.193378
-1.50306
-2.89651
-0.928211
0.492342
0.392214
-0.158427
-0.926693
-2.17164
-1.40271
-1.95799
-1.46514
0.00892952
0.446743
0.32536
0.386459
-0.283763
0.0342413
-0.177359
-0.314557
-0.217036
0.20951
0.285977
0.504942
0.402345
0.33891
0.378166
0.533837
0.289489
0.486165
0.380093
0.82892
1.02085
-0.0430075
-0.0597332
-0.17642
-0.0350317
-0.00503397
0.181253
-0.109082
0.042642
-0.160674
-0.0346831
0.00742101
-0.09383
-0.581697
1.72517
-0.263187
-0.16776
-0.196155
0.00610341
0.0692157
0.508048
-1.46955
0.570171
2.98127
-4.0752
-4.5086
-0.287045
0.331276
-0.395916
0.6596
-0.447486
-0.290929
2.21785
-1.19255
-2.71473
1.26469
0.187868
-0.273316
-1.5967
0.0240754
1.38661
1.18825
0.955445
0.0565629
4.05038
0.0499292
-0.423977
-0.615194
0.531487
1.70067
0.0873113
0.186677
-0.0975486
1.16445
0.145636
-0.297669
-0.75901
-0.824025
-0.0174524
-0.228735
-0.111477
-1.4295
-0.0897616
-0.0482929
-0.518879
-0.317511
-0.795491
-0.475501
-0.176307
-1.29637
-0.684872
-0.119283
-0.214479
-0.0896366
-0.427908
-0.373649
-0.392877
-0.259876
-0.139861
-0.21525
-0.0896583
0.000340254
-1.05603
0.0204475
0.106136
0.00940937
0.452759
0.231884
0.166099
0.385356
0.0810491
0.00462112
0.00163573
-0.0525306
0.117546
1.15157
-0.196336
0.358024
0.400856
0.0869586
0.200729
0.153733
0.57366
2.7023
6.09198
-0.297275
-0.461964
0.132845
0.0613818
0.133863
0.229504
-2.21847
-1.96127
-2.05885
-2.04407
-0.15528
-0.152186
0.165936
-0.29226
0.232067
2.2209
0.447124
-1.25691
-2.3511
-1.03736
2.39455
2.75761
0.270512
0.352307
-0.250822
2.29796
0.699814
-1.09706
-0.48087
-0.0410206
0.981352
0.129851
0.218223
0.254332
0.210112
0.164111
-1.75083
-1.15527
-1.13934
-0.00457779
0.226459
0.0500752
-0.0919962
0.367644
-0.094798
0.211559
1.31227
0.104016
0.110271
0.00951584
-0.139655
0.0839434
0.0301432
0.362277
0.250361
0.232589
0.106374
0.109668
-0.176198
1.90937
-0.178106
-0.064757
-0.296572
-0.401397
-0.478011
-0.230489
-0.429355
-0.233192
-0.197755
-0.233778
-0.242859
-0.491262
-0.203888
0.346095
-0.256173
-0.425412
-0.209031
-0.120927
-0.128644
-0.0283038
0.522807
-0.742328
0.540114
0.391918
0.0915758
-0.375424
-0.16455
-0.0645062
-1.02306
1.32223
-1.44195
-0.284022
3.92153
-2.39043
-1.07734
-0.315685
-0.387395
0.110275
1.17422
-1.88813
-0.0116811
6.46006
1.48141
-1.27507
-0.394897
-0.383566
-0.725008
0.441309
-1.96619
1.18073
1.65897
3.17022
-1.09066
-0.371147
-0.502014
-0.524729
-0.312611
-1.50961
0.411351
-3.33784
-0.752662
-0.328555
-0.345917
-0.0891351
-0.216415
-0.300987
-0.649578
0.0715832
0.260828
-0.404611
-0.11731
-0.233365
-0.106354
-0.226714
-0.32101
-0.104916
-0.0968512
-0.0999477
-0.172964
-0.0249563
0.0628381
0.93611
0.180513
0.0919908
0.563043
1.32767
1.14038
0.500547
0.267555
0.113364
0.133032
0.547338
0.250338
2.1852
-1.56619
0.251888
-0.193179
-0.120042
-0.208701
0.386829
0.264378
-1.18083
0.493994
-0.110372
1.00659
0.883442
1.51296
1.35724
0.576161
-0.0569024
0.596652
1.36291
-0.366332
-1.05157
-0.670915
1.04983
1.35243
0.510235
0.366007
0.686997
2.00045
2.6701
0.946921
-1.76112
-0.111594
-0.267851
0.254021
0.137116
0.41441
1.11044
1.22137
2.22165
1.24134
2.84833
0.302772
-0.120963
0.183874
0.447574
-1.05121
-0.549069
1.10327
-0.475779
1.13751
-1.08607
0.222991
0.228296
0.278875
0.32196
-0.0445863
0.833942
-0.415818
2.13782
0.0405836
0.359126
0.408631
-0.0778358
0.572018
0.44386
1.36236
-0.11125
0.0617358
0.430091
0.181525
1.05666
0.155893
-0.0585385
0.0889614
0.0704638
0.192548
0.191743
0.160729
0.20933
0.200489
0.123684
0.0550098
0.484153
0.181895
-0.643653
0.119223
0.0977017
0.150891
0.127922
-0.0503232
-0.258631
1.1959
1.51118
-2.26639
0.245423
-1.65922
0.354053
0.352145
-0.304104
-2.13711
-0.619852
-0.223735
-0.298917
3.25259
-0.674265
0.510444
0.607925
-0.413184
-0.376791
2.14097
0.0885514
-0.757495
0.564259
-1.26977
0.964291
0.888323
-0.469298
-1.59339
-0.862855
-2.49118
-0.748339
-0.348387
-0.848097
0.654918
0.718893
-0.474345
-0.947397
-2.09046
-3.59857
1.36697
3.42285
2.48963
0.407113
0.390538
-0.119927
-0.402845
-0.714608
-0.224469
-0.394258
-1.93175
-0.445216
0.605233
0.37931
-0.00688522
-0.166843
-0.198189
-0.0586538
-0.115701
0.00405173
-0.122999
0.148002
0.337259
-0.369129
-0.50467
-1.0966
-0.886275
-0.9939
0.0108839
-0.222399
-0.150661
-0.264027
-0.348755
-0.817459
-1.13604
-0.859789
-0.304423
-0.197733
-0.311942
-0.457661
-0.530174
-0.272355
-0.650518
-0.76455
-0.858243
-0.454615
-0.462077
-0.723957
-0.776946
-0.395347
-0.368981
-0.232091
-0.867411
-0.0995158
-0.30206
-0.727945
-0.211248
-0.0744188
-0.235667
0.247578
-0.88448
-1.24527
-1.56014
-0.547517
-1.42062
-0.036599
-0.189239
-0.0310064
-0.139803
-0.310508
-0.976409
-0.78329
-0.409995
-0.78678
0.00907453
-0.47313
-0.168816
-0.738349
-0.098305
-0.673875
-1.36333
-1.00307
0.16448
-0.164733
-0.453758
-0.667159
-0.552135
-0.184404
-0.528581
-0.666968
-0.467113
-0.513132
0.0444624
0.159015
-0.0322986
-0.621629
-0.211203
-0.00738959
-0.467685
-0.192873
0.364442
0.0707576
0.292579
-0.295754
-0.549867
-1.10036
-0.180653
-0.287262
-0.356451
-0.70212
-0.658819
-0.653745
-0.459837
-0.735487
-0.213693
-0.226975
-0.155468
-0.441696
0.536087
-0.556749
-1.20507
-1.19977
-0.994607
-0.384681
-0.0552287
-0.000416958
-2.70716
-1.53817
-0.408904
0.231502
-1.27659
-1.79341
-0.541439
-0.452828
0.552074
-1.36532
-1.35157
2.28319
2.35152
0.379207
0.0554201
-0.0542545
-0.711634
-0.0747911
-0.920885
-1.73989
0.682086
-1.12598
-1.81789
-1.1462
0.227709
-0.365315
-0.302499
-0.332492
-0.519382
0.132392
-2.55582
-0.715855
-1.06927
-0.289641
-0.214023
-0.546793
-1.00823
-0.78999
-0.778912
-1.59412
1.53507
-0.873507
-0.235614
-0.337062
-0.523362
-0.746384
0.0907564
-0.46757
-1.54012
1.41904
-0.314199
-0.0722435
-0.435543
-0.153788
-0.702718
-0.361509
-0.29837
-0.414291
-0.570589
-0.26862
0.127608
-0.573764
-0.206425
-0.583177
-0.125325
0.444528
-0.0413355
-0.617712
-0.383784
-0.406199
-0.357695
-0.464487
-0.541015
1.98978
-0.640196
0.339727
0.0788985
-0.330749
-0.679188
-0.367181
-0.467417
-1.49208
-0.460974
-3.57967
-3.80802
-1.75575
-1.91207
-0.575612
-0.722951
-0.462267
0.826413
0.326785
2.52555
0.992878
0.117431
-0.66563
-0.655592
-0.551186
-0.922243
-0.646246
-2.04592
0.167589
0.7573
0.444435
-0.259874
-0.0620803
-0.567974
-0.493015
-0.1833
-2.07068
-1.22137
-1.47607
-2.14611
-1.2202
-0.0215894
-0.648783
-0.458593
-0.444313
0.262626
-0.00534853
-0.94798
-1.74445
-1.31923
0.313767
-0.477992
-0.399036
-0.358159
-0.0900965
-0.383202
-0.42036
0.271142
1.46387
-0.276093
-0.363158
-0.39143
-0.346614
-0.456948
-0.308428
-0.29123
-0.519881
-0.684441
-0.535049
-0.330561
-0.86203
-0.131995
-0.0571822
-0.0259895
1.20905
0.797474
-0.211196
-0.224808
-0.155441
-0.0925222
-0.306309
-0.578933
-1.04924
-2.2691
-1.46346
-0.0782741
-0.70976
-0.363811
-0.411396
-0.166847
0.0538432
0.468467
0.927488
-0.834116
-0.323168
-1.49319
-0.952774
-0.286347
-0.332079
-0.643681
-0.371735
-1.02913
-0.641496
2.25348
-0.436909
-0.00830661
-0.0257534
-0.18766
-0.295568
-0.992972
-0.782047
-2.01937
-0.790491
-2.03256
-0.286902
0.0620957
-0.580671
-0.579007
-1.27379
-0.127741
-1.36305
0.533961
-1.51618
-0.126036
-0.0355492
-0.289745
0.205359
-1.87209
0.165864
-1.5275
-0.171491
-2.56714
-0.352066
-0.211886
-0.0629427
-0.294547
-0.310071
-0.593966
-3.11152
-0.30119
-0.0208989
-0.426132
-0.464555
0.0587769
-0.0712136
-0.166951
0.269308
1.5478
0.414242
0.032819
-0.401119
-0.188543
0.113574
-0.304224
-0.277913
-0.162431
0.0482151
-0.0840268
-0.288208
-0.122128
-0.371898
-0.367423
-0.32807
-0.0874944
-0.00679524
0.376749
-0.378627
-0.0545877
-0.396206
-0.479637
-0.504495
0.0294124
0.315366
0.370466
0.089194
0.00168307
-0.336411
-0.40065
-0.507324
-0.430193
-0.243777
-0.606354
-0.437241
-0.820677
-0.574824
-1.21089
-0.554699
0.208541
-0.258877
-0.279878
-0.931958
-1.09022
-0.902707
-1.11794
-0.565136
0.541945
0.413196
-0.150889
-1.11545
-0.700261
-0.817283
-0.721714
-1.69199
-1.04249
-1.01881
0.255017
-0.448722
-0.190037
-1.04874
-1.32482
-1.13487
-1.31071
-1.57693
-0.346654
0.111834
-0.379508
-0.691503
-0.730441
-1.00793
-1.0582
-0.283882
-0.835292
-0.642471
-0.849016
-0.376556
-0.650927
-0.818774
-0.875075
-0.773547
-0.461313
-0.985395
-0.72036
-0.898855
-0.547237
-0.31277
-0.0836948
-0.128202
-0.0867447
-0.685501
-0.285573
-0.0916122
-0.26307
-0.45397
-0.334186
0.258137
0.288916
-0.0556862
-1.0559
-1.45322
-0.642338
-0.213901
-0.80121
-0.46858
-0.309366
0.102613
-0.0552823
-0.505075
-1.24136
-0.0833369
-0.832241
-0.416765
-0.298791
-0.273462
-0.607246
-0.86758
-0.696296
-0.515385
-0.170757
-0.04477
-0.0541115
-0.503989
-0.555325
-1.62343
-1.09128
-0.360739
0.00275073
-0.0447577
-0.136696
-0.168491
-0.320656
-0.0896327
-0.835001
-0.733459
0.670111
0.913678
-0.239831
-0.0852538
-0.849914
-0.689576
-0.596852
-0.789515
-0.860967
0.330135
0.522054
-0.562358
-0.151051
-0.548671
-0.65983
-0.64724
-0.126386
-0.0126507
0.191083
-0.387036
-0.532245
-0.244031
-0.579595
-0.65333
-0.366285
-0.631744
-0.298482
-0.661862
-0.708664
-0.973904
-0.922245
-1.10201
-0.307153
11.3551
-0.25476
-0.457112
-0.0969416
-0.159272
-0.292748
-0.420539
-0.514581
-0.219748
-0.455578
-0.25341
-0.506298
-0.286798
-0.511657
-0.628743
-0.371676
-0.354838
-0.236906
-0.05133
-0.391676
-0.035919
-0.162587
-0.999119
-1.38693
-1.10159
-0.37541
-0.525011
-0.547397
-0.534411
-0.349956
-0.454915
-1.39852
-1.71755
-0.908771
-0.723524
-0.404072
-0.0996326
-0.140061
-0.371521
1.52244
-1.3777
-3.15219
-0.537203
-0.963698
-0.390785
-0.295328
-0.233502
0.277659
2.77079
1.7006
-0.829843
0.493935
-0.46342
-0.478433
-0.286331
-0.0498604
-0.287098
0.411421
0.21626
-0.627725
0.318652
-0.194549
-0.293932
-0.208805
-0.099644
-0.172729
0.0831778
-0.340645
-0.0169915
0.301918
-0.21398
-0.552277
-0.280837
-0.158937
-0.184298
-0.391472
-0.162853
-0.657809
-0.124903
-0.254344
-0.258134
-0.227434
-0.906039
-0.266814
-0.255365
-0.179503
-0.552854
0.0970421
0.152338
-0.301811
-0.132875
-0.113808
-0.539892
-0.840124
-0.393262
-0.224244
-0.71759
-0.00212913
0.0235013
-0.0311205
-0.0849104
-0.598022
-0.546859
0.142146
0.298785
-0.939955
-0.687228
-0.186848
-0.114932
-0.520848
-0.212744
-0.778177
0.0282728
0.192308
-0.145712
-0.576273
-0.638872
-0.519557
-0.837114
-0.810311
-0.130047
-0.435378
0.172916
-0.557295
-0.0840116
-0.344457
0.00459977
-0.460617
-0.122901
-0.155526
-0.0834279
-0.438315
0.0647373
-0.491477
-0.868597
-0.598719
-0.145268
-0.506854
-0.322955
-0.350166
-0.744444
-0.330585
-0.302514
-0.246154
0.0140061
0.0452861
0.0904772
-0.418191
-0.229147
-0.0468207
-0.00454288
-0.142036
0.15381
-0.142879
-0.0163692
-0.205907
-0.111144
-0.179137
-0.44757
-0.707575
-0.633968
-0.764631
-0.0146352
-0.247575
-0.479577
-0.309941
-0.600005
-0.19201
0.197682
-0.359765
-0.567628
-0.971826
-0.482473
-0.171022
-0.458603
-0.653148
-0.839864
0.405653
-0.310071
-0.237397
-0.590034
-0.37765
-0.836606
-0.596956
-1.12372
-1.09094
-0.562951
-0.4135
0.165946
-0.217151
-0.131671
-0.435839
-0.851217
-1.62032
-1.15836
-1.02249
-0.0476179
-0.587927
-0.177649
-0.184854
-0.0792585
-1.11263
-1.36331
-1.75909
0.0276654
0.35578
0.248793
0.210841
-0.664331
-0.288171
-1.05549
-0.323894
-0.75224
-0.138376
0.366939
0.148817
-0.753941
-0.58529
-1.03484
-0.38809
0.0599448
-0.335212
-0.104912
0.243681
-0.472876
-0.536124
-0.252882
-0.244924
-0.18918
0.0408399
-0.285066
-0.0876868
0.171958
-0.490325
-0.595918
-0.650002
-0.50668
-0.460754
0.105987
-0.546945
-0.477813
0.288282
-0.179794
-0.490606
-0.307818
-0.640019
9.21687
0.0510784
0.113301
0.182032
0.468493
0.0325456
0.23649
-0.195952
-0.0766424
-0.0680778
-0.126686
0.0759102
-0.0994126
-0.216441
-0.0151432
0.0204469
0.0183654
-0.0913565
0.0584151
-0.129427
-0.73432
-0.0176873
-1.17027
0.0842199
0.223626
1.18358
-0.131643
0.22833
-0.297423
-2.69948
-1.46606
-1.36283
-1.79454
-0.17389
1.51282
0.546177
0.110477
0.0728415
-1.23248
-3.09547
-3.74432
-2.25385
-0.478554
0.715905
0.334063
0.317517
-0.0925255
-0.477784
-2.13247
-1.56656
-1.05766
0.732552
-0.749412
0.199049
0.201266
-0.130831
-0.269344
0.287295
-0.0772736
-1.99118
0.360229
-0.576346
0.0956178
-0.0135547
0.163941
0.0316489
0.28838
0.123265
0.516255
0.285239
0.805771
0.0615491
0.124012
0.00736393
0.253265
0.150497
0.477502
0.0216367
0.320507
0.239406
0.0870964
0.00210012
-0.263738
-0.165787
-0.457744
-0.533783
-0.07174
-0.13604
-0.468713
-0.381823
-0.739004
-0.294935
-0.62226
-1.08444
-0.903041
-0.114438
-1.63268
-1.2964
-1.03359
-0.958614
-0.922693
-0.66417
-0.69565
-0.388185
-0.436941
-0.453362
-0.872244
-0.984211
-0.988498
-0.682776
-1.18753
-0.573495
0.423386
-0.19321
0.404496
-0.805575
-0.174874
0.169322
-0.255774
-1.3813
-0.0199468
-0.159202
0.232521
0.22118
0.0327093
-0.0755125
0.583953
0.0674998
-1.43035
-0.825933
0.165275
0.357824
-0.530432
0.250701
-0.298161
-0.239427
-0.2988
-1.03037
-1.2539
0.117484
-0.447552
-0.480438
-1.54308
-0.265678
-0.326285
-0.4716
-0.746964
-0.535397
-0.141171
-0.0474363
-1.11233
-1.24652
-0.677015
-0.311035
-0.517973
-0.306564
-0.375318
-0.440073
-0.414989
-0.749587
-0.902487
-0.283592
-0.399753
-0.238274
0.023847
-0.5195
-0.94564
-0.891666
-1.04887
-0.535394
-0.764127
-0.667938
-0.72567
-0.434079
-0.307341
-0.719431
-0.590295
-0.50143
-0.589912
-0.797195
-1.00579
-1.55483
-0.552157
-0.347243
0.051115
0.254172
-0.244698
-0.380814
-0.867304
-2.04056
-1.52317
-0.836661
-0.473621
0.292271
0.108137
-0.18057
0.16343
-0.98712
-1.20285
-0.874413
-0.918497
-0.662399
0.139494
-0.488793
0.728458
0.0918585
-0.546645
-0.915476
-1.47632
-0.85503
-0.651602
0.0344823
-0.175926
0.197259
-0.0873501
-0.37375
-1.70739
-1.31379
-1.08803
0.0293928
-0.534722
-1.1307
-0.367879
-0.0777729
-1.27764
-0.611283
-0.777205
-0.692168
-0.396699
-0.25203
-0.875556
-0.583193
-0.391241
-0.231175
-0.822017
-0.707235
-0.974144
-0.432436
-0.421801
-0.501123
-0.515183
-0.0100688
-1.04077
-0.580899
-0.925887
-0.64457
-1.65985
-0.388619
-0.450396
-0.0959755
0.020585
-0.342405
-0.262164
-0.318789
0.0364363
-0.0709927
-0.0431083
-0.875979
0.629962
0.274828
-0.481505
0.145134
-1.08051
-0.778254
-0.205902
-0.3947
0.567028
1.26579
0.601626
-0.934498
-1.10513
-0.719045
-0.580249
-0.31174
-0.586556
-0.407348
-2.78193
-3.24374
-1.6239
-1.53122
-0.937412
-0.42724
-0.200678
-0.565948
-0.830766
-1.14769
0.659921
1.14551
-1.39523
-0.570394
0.292818
-0.336311
-0.720533
-0.688205
-0.990959
0.623091
0.441548
-1.94565
-1.1593
-0.377152
-0.374318
-0.436203
-0.801433
0.17243
1.94717
0.560112
0.154081
-0.583875
0.111474
-0.441385
-0.336258
-0.415251
-0.505859
-0.946673
-1.50977
0.0880247
1.53256
-0.328657
-0.387856
-0.0247096
-0.109753
-0.660341
-0.448203
-3.67987
-1.17862
-0.629304
-0.582893
-0.353971
0.555625
-0.114671
-0.249272
-0.356896
-0.380522
-0.274924
-0.16035
-0.0895273
0.12064
-0.0278759
-0.317772
-0.308718
-0.471101
0.5557
1.12136
-0.150104
-0.400213
-0.241246
-0.231982
-0.214737
1.44122
0.555132
0.729191
-0.0695894
-1.66858
-0.528153
-0.12671
-0.22858
0.0870948
0.0487291
-2.38361
-2.25453
-0.227327
0.0949811
-0.179521
-0.221875
-0.485868
-0.0572194
2.73502
-1.44432
-1.2086
0.949719
-0.541327
0.152679
0.635534
-0.0149786
-0.201255
0.516566
-3.58292
-3.0347
1.9878
-0.908336
0.0131363
-0.390737
-0.316176
0.0701142
0.25487
0.713552
2.26831
6.12816
-1.31144
-0.499754
-0.0659464
0.00196329
-0.0873031
0.107333
-0.0446617
0.0712095
-0.579077
0.360158
0.70749
0.209005
0.139859
0.0140634
0.0821125
0.0906535
-0.175233
-0.281123
-0.388322
0.0950237
-0.0397503
-0.0675711
0.284521
-0.179132
-0.0665529
-0.133935
-0.127775
-0.216269
-0.10935
-0.277814
-0.202618
-0.0768445
-0.276793
-0.0698577
-0.137019
-0.704243
-1.24965
0.0744584
-0.255758
-0.143653
-0.0246039
-0.248159
-0.784927
-0.29265
3.4321
2.04783
0.77017
1.13792
-0.392355
-0.107527
0.030617
1.03435
-0.789258
-0.0418067
-0.384135
-0.818308
-0.795396
-0.202357
-0.315412
0.0358814
-0.0591485
-1.57518
1.74446
2.29715
2.60706
-3.15483
-2.08061
-0.33869
0.149664
0.457872
-0.733635
0.59017
0.851116
2.718
-4.89668
-1.28752
-0.412351
0.0389253
-0.0178322
-0.339493
-0.931979
0.699544
1.23212
-1.01909
-0.436598
-0.156145
-0.131977
-0.00780815
-0.104527
-0.310939
-0.661852
0.0456511
-0.0732433
-0.268825
-0.196975
0.0790319
-0.125013
-0.0410531
-0.319256
-0.201857
-0.193663
-0.239696
0.0484797
0.0313719
7.60557
-0.122303
-0.0964526
-0.323442
-0.0124028
-0.127812
-0.158786
-0.158848
-0.148623
-0.124677
-0.0593923
0.0427977
-0.513553
-0.428683
0.0409202
-0.245954
-0.246757
-0.121568
-0.0894486
-0.0546444
0.16331
-0.0630667
-0.434536
0.161438
0.448262
0.223339
0.387783
-0.0731242
-0.419853
-0.353031
0.124259
1.33855
0.451839
1.9746
1.10354
0.143503
-0.0851782
0.0319055
0.723311
-0.316965
0.105365
-1.67982
-3.48063
-1.29623
0.0544246
-0.204531
-0.0968214
0.377708
0.611605
0.685352
-2.43855
-5.26465
-2.86061
-0.564957
-0.259673
-0.192118
-0.386739
-0.0205665
0.436609
-1.97686
-2.25322
-1.48922
-0.112147
-0.124451
0.0871437
0.126363
-0.371068
-0.428522
-0.2261
-0.231739
0.012877
-0.229142
-0.0609857
-0.210647
-0.120791
-0.200573
-0.0291606
-0.13873
0.00571994
-0.13221
-0.186517
-0.125841
-0.69388
0.00420805
0.179455
-0.0510417
-0.581358
-0.266218
0.186487
-0.381525
-0.280517
0.00960244
0.180652
-0.815699
-0.676302
-0.781713
-0.364148
-0.0678971
0.125399
-0.614117
-0.426064
-0.304165
-0.879841
-1.21615
-0.768516
-0.466639
-0.274866
-0.108029
-1.05473
-0.189847
0.099188
-0.310575
-0.30958
-0.4664
-0.161109
-1.30387
-0.678921
-0.882849
-0.650024
0.528055
0.553302
-1.24631
-0.261082
0.0935512
0.502662
0.0276098
-0.00864529
-0.532446
-0.58163
0.281278
-0.263938
-0.213666
0.00570952
-0.0886966
-0.448909
-0.732226
-0.623667
-0.463577
-0.65937
-0.858464
-0.82466
-0.104887
-0.340048
-0.179948
-0.30511
-0.611223
-0.266424
-0.289545
-0.683807
-0.282877
-0.570031
-0.57997
0.0476272
-0.377238
-0.279833
-0.471205
-0.495934
-0.641529
-0.172786
-0.0996364
-0.678098
-0.280355
-0.198178
-0.389973
-0.834546
-0.0932412
-0.0357031
-0.609806
-0.500845
-0.461289
-0.665518
-0.675858
-0.536157
-0.139222
-0.0202663
-0.761527
-0.513011
-0.0106088
-0.752761
-0.707427
-0.436292
0.211456
-0.305696
0.175864
-0.300229
-0.130975
-0.509549
-1.1263
-0.672113
-0.582943
-0.408202
0.209981
-0.510029
-0.391554
-0.636918
-1.01046
-0.80108
-1.03547
0.13361
0.124599
0.0995244
0.0582265
0.661606
-1.03028
-0.985174
-1.13998
-0.834651
-0.33193
-0.623291
-0.150719
-0.318735
0.47217
-0.316047
-0.880416
0.0718016
0.0381692
-0.501242
-0.032125
-0.3648
-0.365239
-0.267026
-0.358279
-0.227431
0.306688
0.0578362
-0.131859
-0.0135943
-0.696198
-0.230624
0.136692
-0.273815
-0.924878
-0.539795
-0.793653
-0.497203
-0.718884
-0.882801
-0.304624
-0.196113
-0.502477
-0.959842
-0.912233
-1.47708
-0.865333
-0.395563
-0.593337
0.815527
-1.311
4.57376
-0.996409
-1.14606
-0.620854
-2.54495
-0.794318
1.84325
-1.40403
-1.24294
-1.49781
-1.56795
1.40193
-0.820381
-1.20441
-1.3897
1.73665
-0.9221
-2.32197
-1.1176
-1.09658
-1.69064
-1.48313
1.34204
-2.37797
2.15218
-1.68807
-0.84189
-1.80201
-1.18056
-1.77235
-0.281435
-1.87841
-4.46127
-0.62344
-1.04936
-2.7786
-2.01849
-1.72117
-1.77306
-1.45245
-1.84362
-2.00603
-1.18464
-1.62652
